./data/dataset/train/0.jpg 222,56,253,110,27 364,201,384,231,34 127,254,191,326,9 
./data/dataset/train/1.jpg 132,317,178,394,0 302,203,364,276,0 5,96,74,141,1 
./data/dataset/train/2.jpg 307,204,330,235,8 343,11,412,75,33 129,142,199,202,9 
./data/dataset/train/3.jpg 366,182,404,238,15 152,23,201,100,17 
./data/dataset/train/4.jpg 40,192,83,222,22 305,0,349,41,21 125,322,188,351,50 
./data/dataset/train/5.jpg 330,10,374,45,9 209,298,241,329,27 63,258,99,286,42 2,158,61,233,19 
./data/dataset/train/6.jpg 47,322,89,379,2 193,236,238,313,21 
./data/dataset/train/7.jpg 147,292,191,326,9 211,156,253,183,3 308,31,345,57,38 16,96,79,126,40 
./data/dataset/train/8.jpg 316,174,378,223,13 249,289,280,340,12 195,2,210,30,6 10,73,55,130,47 
./data/dataset/train/9.jpg 70,346,134,385,7 245,152,294,229,0 
./data/dataset/train/10.jpg 280,76,350,125,47 218,293,238,323,24 110,257,124,284,43 
./data/dataset/train/11.jpg 148,221,198,278,10 229,295,291,323,6 57,52,120,97,49 
./data/dataset/train/12.jpg 26,57,92,92,32 263,176,301,193,37 302,10,331,41,41 
./data/dataset/train/13.jpg 13,263,57,300,12 146,369,180,399,32 335,46,374,122,20 60,127,108,184,21 
./data/dataset/train/14.jpg 329,46,370,70,45 166,331,197,405,23 105,255,139,285,36 
./data/dataset/train/15.jpg 316,97,379,144,27 200,290,225,340,8 32,154,53,204,42 
./data/dataset/train/16.jpg 317,364,348,395,51 170,240,208,316,0 11,186,49,207,22 
./data/dataset/train/17.jpg 331,60,365,90,38 172,244,210,267,1 97,313,145,370,45 
./data/dataset/train/18.jpg 326,382,370,415,8 277,278,300,328,12 132,70,187,146,28 14,231,52,249,32 
./data/dataset/train/19.jpg 316,269,330,296,40 55,361,93,379,27 335,177,391,232,1 107,67,124,96,28 
./data/dataset/train/20.jpg 224,75,267,104,44 27,283,96,347,7 
./data/dataset/train/21.jpg 246,221,266,251,15 276,314,301,366,14 65,126,105,147,46 122,49,151,103,19 
./data/dataset/train/22.jpg 163,78,226,111,33 328,233,396,273,38 250,297,284,327,49 
./data/dataset/train/23.jpg 222,270,257,345,21 271,96,318,153,29 166,370,187,400,18 
./data/dataset/train/24.jpg 57,321,117,372,28 242,213,291,270,40 189,42,235,119,26 
./data/dataset/train/25.jpg 231,258,276,315,44 349,66,390,90,42 162,125,203,147,20 30,351,47,380,47 
./data/dataset/train/26.jpg 354,326,391,375,19 260,217,292,248,13 129,291,193,321,23 20,8,48,59,6 
./data/dataset/train/27.jpg 309,125,373,169,43 223,12,287,55,32 10,248,78,288,19 
./data/dataset/train/28.jpg 81,174,147,244,6 301,75,324,106,51 2,307,71,351,45 235,32,272,49,7 
./data/dataset/train/29.jpg 295,102,322,133,8 177,57,199,87,41 347,196,384,221,28 
./data/dataset/train/30.jpg 169,223,197,254,36 219,184,282,217,28 47,48,111,120,51 
./data/dataset/train/31.jpg 297,215,331,290,48 222,99,278,154,8 69,11,102,66,37 
./data/dataset/train/32.jpg 111,230,162,307,13 347,114,375,165,22 59,185,103,219,11 218,345,288,400,17 
./data/dataset/train/33.jpg 286,3,356,62,43 146,191,206,242,23 122,278,145,309,4 375,364,390,392,3 
./data/dataset/train/34.jpg 100,168,141,215,17 332,257,367,307,37 208,132,246,155,17 55,322,83,373,40 
./data/dataset/train/35.jpg 234,0,300,69,33 10,310,48,359,18 353,155,378,186,30 127,206,197,262,24 
./data/dataset/train/36.jpg 155,382,199,415,45 106,26,140,56,23 27,216,80,272,14 
./data/dataset/train/37.jpg 22,331,81,384,50 289,189,353,219,25 169,58,197,89,41 
./data/dataset/train/38.jpg 188,207,252,245,12 347,85,385,109,1 46,11,84,33,40 
./data/dataset/train/39.jpg 181,19,206,71,24 329,288,370,311,43 75,127,145,180,12 
./data/dataset/train/40.jpg 68,98,110,124,32 119,276,189,327,16 285,38,311,69,31 
./data/dataset/train/41.jpg 130,201,144,228,10 341,160,409,200,49 177,31,220,62,40 319,120,338,149,38 37,380,75,401,10 
./data/dataset/train/42.jpg 251,264,320,330,6 144,206,208,242,41 
./data/dataset/train/43.jpg 328,151,396,193,1 246,358,301,414,30 
./data/dataset/train/44.jpg 231,256,268,283,3 324,45,339,73,6 11,123,32,173,51 104,199,142,215,35 
./data/dataset/train/45.jpg 351,112,407,167,35 8,244,49,291,40 176,52,201,83,48 211,319,267,395,44 293,184,316,235,41 
./data/dataset/train/46.jpg 61,255,83,305,42 102,320,139,369,8 148,192,185,216,19 
./data/dataset/train/47.jpg 116,365,184,405,51 357,76,394,103,17 206,223,238,254,46 309,21,353,62,27 27,264,57,295,26 
./data/dataset/train/48.jpg 209,318,244,368,41 34,245,67,275,6 369,24,394,76,31 281,111,317,187,12 
./data/dataset/train/49.jpg 88,54,132,90,49 327,252,341,279,3 30,308,70,328,19 364,16,384,46,18 
./data/dataset/train/50.jpg 54,265,121,302,50 325,183,355,237,26 279,68,319,89,2 
./data/dataset/train/51.jpg 58,153,79,183,12 172,329,200,360,42 367,90,396,141,41 269,2,307,26,25 
./data/dataset/train/52.jpg 206,53,268,79,10 322,172,360,193,21 373,286,406,316,25 163,351,184,381,37 8,137,46,156,4 
./data/dataset/train/53.jpg 271,148,309,204,45 179,41,238,93,12 110,253,173,298,0 
./data/dataset/train/54.jpg 233,55,258,107,48 169,308,232,339,2 
./data/dataset/train/55.jpg 104,251,131,282,3 215,350,254,398,37 142,131,210,197,18 
./data/dataset/train/56.jpg 384,178,405,228,40 70,338,108,355,21 316,85,333,114,6 154,29,216,78,43 
./data/dataset/train/57.jpg 54,158,79,208,18 146,35,206,86,22 
./data/dataset/train/58.jpg 83,205,127,241,43 290,52,335,109,47 347,150,382,179,44 
./data/dataset/train/59.jpg 21,147,51,198,32 268,252,338,301,26 208,311,257,388,28 161,201,186,232,15 116,30,150,85,51 
./data/dataset/train/60.jpg 354,268,392,285,45 233,109,253,139,13 273,146,308,175,28 102,41,146,72,28 
./data/dataset/train/61.jpg 98,138,142,169,32 259,179,285,231,36 363,382,393,413,48 50,260,91,317,6 
./data/dataset/train/62.jpg 289,17,316,70,41 97,324,157,375,11 161,118,189,169,20 
./data/dataset/train/63.jpg 343,96,389,153,3 144,330,180,357,39 2,259,18,287,10 84,8,116,39,44 
./data/dataset/train/64.jpg 150,115,187,140,22 225,328,236,353,19 82,268,122,289,45 
./data/dataset/train/65.jpg 5,347,68,374,31 163,159,203,207,31 306,218,359,295,42 
./data/dataset/train/66.jpg 172,139,202,193,22 330,63,398,104,30 88,231,147,283,3 
./data/dataset/train/67.jpg 94,331,136,376,17 370,20,388,49,33 242,120,254,146,5 38,268,75,324,34 
./data/dataset/train/68.jpg 313,201,381,241,6 166,115,225,168,28 
./data/dataset/train/69.jpg 351,31,407,86,3 119,160,179,211,44 209,329,247,349,7 261,92,297,119,51 
./data/dataset/train/70.jpg 87,388,125,406,40 298,230,336,253,15 126,112,164,134,3 226,325,296,383,26 
./data/dataset/train/71.jpg 159,244,202,287,28 10,53,74,91,49 
./data/dataset/train/72.jpg 95,42,135,63,15 9,296,77,336,8 316,188,354,212,50 195,71,258,100,25 261,129,305,169,39 
./data/dataset/train/73.jpg 180,371,244,410,15 55,168,99,210,47 309,45,343,100,9 344,240,411,278,4 
./data/dataset/train/74.jpg 302,115,332,146,44 133,331,191,406,46 21,220,32,245,42 245,149,287,194,14 
./data/dataset/train/75.jpg 209,215,226,244,49 271,257,335,293,26 16,305,69,361,22 
./data/dataset/train/76.jpg 118,255,146,306,10 83,60,96,87,15 312,331,341,362,24 213,119,232,149,44 
./data/dataset/train/77.jpg 191,248,257,318,50 306,359,345,408,32 54,98,90,126,21 
./data/dataset/train/78.jpg 162,335,206,372,38 251,142,315,175,8 47,300,85,320,25 
./data/dataset/train/79.jpg 317,43,350,73,2 178,316,230,373,35 
./data/dataset/train/80.jpg 76,79,116,100,38 141,130,203,157,36 330,16,364,66,25 206,354,248,399,26 
./data/dataset/train/81.jpg 59,39,74,67,1 200,92,227,123,28 290,325,358,392,51 
./data/dataset/train/82.jpg 328,223,359,254,16 178,111,242,153,22 26,54,59,84,3 
./data/dataset/train/83.jpg 289,0,320,31,16 165,57,231,127,41 85,214,123,263,4 332,136,363,187,6 
./data/dataset/train/84.jpg 29,15,49,45,16 272,128,323,205,11 115,85,178,117,25 336,252,394,306,30 
./data/dataset/train/85.jpg 236,183,301,254,12 143,126,200,180,12 
./data/dataset/train/86.jpg 206,52,247,75,19 326,350,379,406,33 134,173,154,203,34 
./data/dataset/train/87.jpg 194,323,262,391,43 309,232,350,309,30 31,1,78,78,51 126,88,155,119,15 
./data/dataset/train/88.jpg 145,348,204,401,34 333,20,397,61,27 48,230,104,306,3 
./data/dataset/train/89.jpg 27,203,80,259,19 147,69,208,120,11 293,122,312,151,46 
./data/dataset/train/90.jpg 227,219,262,275,13 304,103,342,126,50 92,17,130,40,34 191,186,215,217,3 
./data/dataset/train/91.jpg 205,57,238,132,42 290,2,315,54,36 334,145,365,219,38 
./data/dataset/train/92.jpg 250,32,290,53,29 180,222,217,249,2 2,319,46,359,14 134,262,169,291,37 86,73,126,121,37 
./data/dataset/train/93.jpg 85,99,116,150,17 183,258,246,289,3 310,365,334,396,44 
./data/dataset/train/94.jpg 82,59,111,90,3 334,244,372,267,20 167,281,178,306,0 188,107,242,183,50 
./data/dataset/train/95.jpg 34,315,82,372,12 180,180,239,255,45 
./data/dataset/train/96.jpg 168,1,237,44,13 323,191,387,230,48 277,276,288,302,43 13,240,51,258,26 297,131,316,160,29 
./data/dataset/train/97.jpg 124,274,188,311,13 190,388,227,415,3 358,43,376,72,42 256,225,287,256,10 12,111,33,141,10 
./data/dataset/train/98.jpg 262,44,306,82,32 196,382,236,403,41 81,269,118,286,42 
./data/dataset/train/99.jpg 224,196,284,270,5 115,33,165,90,44 
./data/dataset/train/100.jpg 185,5,230,62,3 53,306,80,337,2 139,159,157,188,19 301,96,365,138,27 
./data/dataset/train/101.jpg 227,40,262,115,29 135,170,179,203,23 7,225,72,296,30 
./data/dataset/train/102.jpg 314,279,352,335,40 148,98,196,175,42 
./data/dataset/train/103.jpg 53,247,112,322,27 338,40,369,94,23 126,130,170,161,32 
./data/dataset/train/104.jpg 26,360,69,403,7 250,27,314,66,39 80,197,124,230,2 354,237,371,266,10 
./data/dataset/train/105.jpg 185,205,245,279,2 5,20,41,70,51 292,325,331,373,0 
./data/dataset/train/106.jpg 72,140,142,189,29 340,272,382,317,23 
./data/dataset/train/107.jpg 27,50,71,83,29 129,318,151,348,26 79,203,105,255,25 
./data/dataset/train/108.jpg 262,41,291,72,7 122,369,160,393,46 91,187,114,237,23 194,88,233,136,45 366,8,404,25,3 
./data/dataset/train/109.jpg 277,234,320,263,3 138,277,175,302,12 356,179,399,222,48 
./data/dataset/train/110.jpg 120,173,158,196,33 76,58,92,86,30 177,291,220,335,15 346,369,390,405,6 268,207,312,244,50 
./data/dataset/train/111.jpg 50,378,87,403,16 312,168,378,237,32 223,66,293,114,51 105,238,169,278,21 
./data/dataset/train/112.jpg 48,288,89,335,6 172,73,198,104,45 
./data/dataset/train/113.jpg 336,114,399,161,34 15,191,57,217,32 95,223,165,285,5 261,38,287,69,42 
./data/dataset/train/114.jpg 96,249,130,279,44 26,297,70,339,43 317,23,373,78,12 200,159,244,193,17 
./data/dataset/train/115.jpg 190,232,260,285,37 129,101,157,152,39 330,347,363,398,0 51,70,89,91,36 
./data/dataset/train/116.jpg 338,217,372,292,49 202,332,226,363,12 105,53,144,110,44 
./data/dataset/train/117.jpg 95,213,165,264,16 342,288,380,310,32 8,357,56,414,39 177,84,240,131,3 
./data/dataset/train/118.jpg 57,289,93,339,11 307,220,319,246,37 268,74,306,92,39 
./data/dataset/train/119.jpg 309,232,361,309,3 135,44,185,101,16 
./data/dataset/train/120.jpg 354,89,412,165,48 266,12,330,55,47 12,214,36,264,38 
./data/dataset/train/121.jpg 355,225,393,245,7 162,124,202,145,22 240,25,307,63,31 78,346,123,403,14 
./data/dataset/train/122.jpg 32,239,65,269,17 154,157,192,179,1 197,312,254,388,37 
./data/dataset/train/123.jpg 129,382,192,411,44 312,239,362,296,26 78,60,121,117,22 
./data/dataset/train/124.jpg 25,82,61,109,34 11,243,22,268,14 339,361,366,414,10 87,310,131,350,41 
./data/dataset/train/125.jpg 360,176,398,232,24 261,102,325,174,12 161,330,197,357,14 46,266,86,323,11 
./data/dataset/train/126.jpg 239,197,303,236,27 47,73,110,120,26 147,277,175,328,25 
./data/dataset/train/127.jpg 55,123,93,179,12 357,201,385,232,30 216,252,254,272,28 130,329,170,405,7 
./data/dataset/train/128.jpg 131,124,173,151,2 337,366,376,414,47 175,229,225,286,34 264,25,334,77,31 
./data/dataset/train/129.jpg 31,200,73,257,12 362,102,386,152,23 141,292,194,369,13 256,378,319,409,44 
./data/dataset/train/130.jpg 97,317,156,370,14 337,177,401,208,11 249,101,305,156,27 22,11,57,40,1 
./data/dataset/train/131.jpg 212,178,262,235,24 29,122,60,153,21 378,357,411,412,43 141,276,205,315,4 273,237,284,263,35 
./data/dataset/train/132.jpg 80,228,143,261,35 14,140,35,170,17 302,23,333,74,35 255,291,296,313,10 
./data/dataset/train/133.jpg 130,19,197,88,22 315,329,332,358,41 79,260,90,285,21 
./data/dataset/train/134.jpg 315,233,340,285,6 37,76,101,111,8 219,305,260,352,36 
./data/dataset/train/135.jpg 203,91,233,122,40 358,23,370,49,18 247,317,289,362,48 
./data/dataset/train/136.jpg 98,251,162,290,20 224,98,253,129,35 319,359,358,407,8 
./data/dataset/train/137.jpg 338,309,379,333,4 289,149,322,179,45 43,196,86,241,1 118,107,182,137,15 
./data/dataset/train/138.jpg 244,229,299,285,33 352,105,381,136,10 71,161,95,211,28 151,30,215,102,15 
./data/dataset/train/139.jpg 2,126,24,156,10 226,159,264,208,11 175,284,204,315,45 53,63,94,85,43 
./data/dataset/train/140.jpg 116,118,160,159,34 179,238,208,292,50 
./data/dataset/train/141.jpg 194,298,249,354,43 330,363,373,408,31 119,210,185,280,29 
./data/dataset/train/142.jpg 179,49,212,100,20 123,5,160,21,41 352,322,397,399,43 56,181,100,212,29 
./data/dataset/train/143.jpg 221,250,236,278,12 26,142,77,199,17 251,314,303,371,26 
./data/dataset/train/144.jpg 278,25,323,82,32 350,184,392,241,32 91,260,135,337,2 3,109,47,149,6 
./data/dataset/train/145.jpg 354,45,394,121,15 158,360,194,387,33 219,228,285,263,16 
./data/dataset/train/146.jpg 91,185,129,207,38 223,78,279,133,9 5,359,69,395,36 
./data/dataset/train/147.jpg 274,113,319,190,4 88,260,128,336,8 156,26,194,82,1 
./data/dataset/train/148.jpg 187,164,225,220,33 313,132,332,162,16 118,251,157,269,12 53,279,117,316,5 
./data/dataset/train/149.jpg 30,164,96,234,9 313,7,357,41,40 137,76,178,123,14 
./data/dataset/train/150.jpg 107,288,144,315,34 243,191,311,232,34 
./data/dataset/train/151.jpg 27,140,63,190,3 159,309,181,359,14 273,82,342,127,3 213,210,246,261,17 
./data/dataset/train/152.jpg 27,68,68,115,41 228,355,276,412,40 118,3,179,54,33 
./data/dataset/train/153.jpg 196,198,220,249,8 318,313,379,387,29 248,12,271,43,5 
./data/dataset/train/154.jpg 253,96,289,123,46 1,255,22,305,9 310,317,351,374,19 45,52,89,94,6 356,8,395,27,45 
./data/dataset/train/155.jpg 310,78,333,109,42 51,190,111,264,43 361,289,404,333,45 138,388,175,415,24 
./data/dataset/train/156.jpg 344,42,414,94,50 101,245,145,287,3 217,172,259,198,37 165,353,206,376,44 
./data/dataset/train/157.jpg 214,93,276,141,36 5,254,71,289,42 305,320,363,396,47 
./data/dataset/train/158.jpg 15,63,80,134,47 294,349,358,382,41 247,228,290,305,3 
./data/dataset/train/159.jpg 242,230,305,262,18 15,296,52,313,14 117,144,160,221,33 
./data/dataset/train/160.jpg 161,133,214,189,50 66,292,130,328,50 284,221,330,278,34 332,362,396,395,22 
./data/dataset/train/161.jpg 254,360,287,390,43 295,308,336,355,40 19,104,83,146,8 338,162,403,233,39 
./data/dataset/train/162.jpg 251,99,292,122,28 28,335,54,387,22 170,174,203,229,29 114,136,150,164,21 
./data/dataset/train/163.jpg 273,363,313,411,13 314,64,350,140,2 63,190,106,220,51 
./data/dataset/train/164.jpg 178,196,220,242,32 291,266,320,297,10 
./data/dataset/train/165.jpg 150,62,174,93,34 203,341,241,359,32 12,173,80,213,44 296,364,366,414,43 273,228,295,278,31 
./data/dataset/train/166.jpg 386,98,409,148,37 192,12,220,63,29 250,354,287,380,15 87,281,153,316,18 
./data/dataset/train/167.jpg 317,292,357,313,42 163,319,194,393,43 11,110,77,145,9 
./data/dataset/train/168.jpg 253,181,317,212,39 160,236,195,264,28 396,276,409,303,47 
./data/dataset/train/169.jpg 18,215,51,290,49 221,16,285,57,47 128,70,167,88,20 324,182,359,211,18 
./data/dataset/train/170.jpg 116,113,171,169,30 173,175,243,222,17 252,321,274,371,3 
./data/dataset/train/171.jpg 302,282,337,332,19 103,380,141,401,27 365,129,407,154,40 215,78,279,115,43 
./data/dataset/train/172.jpg 287,339,357,392,50 214,282,233,311,27 81,230,99,259,11 382,186,396,213,40 244,25,263,54,45 
./data/dataset/train/173.jpg 192,282,256,324,34 0,2,70,65,41 319,380,331,406,26 
./data/dataset/train/174.jpg 251,265,315,303,37 351,83,392,140,48 16,37,60,70,33 
./data/dataset/train/175.jpg 85,55,154,100,15 287,140,357,193,49 169,20,188,49,29 
./data/dataset/train/176.jpg 203,294,239,370,14 5,123,26,153,34 246,192,290,227,43 
./data/dataset/train/177.jpg 398,264,411,290,28 119,325,155,375,47 341,70,375,100,45 
./data/dataset/train/178.jpg 180,281,205,332,27 40,182,76,258,45 92,81,142,138,43 240,360,268,391,43 
./data/dataset/train/179.jpg 336,129,393,184,33 78,55,122,95,28 258,274,302,307,30 
./data/dataset/train/180.jpg 376,154,404,205,1 249,245,307,320,35 86,105,102,133,2 120,60,183,90,20 
./data/dataset/train/181.jpg 358,223,402,258,47 259,359,320,409,22 122,182,186,221,32 
./data/dataset/train/182.jpg 0,201,34,231,41 342,330,367,361,48 99,8,167,74,3 174,237,218,277,48 252,89,314,162,30 
./data/dataset/train/183.jpg 225,320,256,351,31 357,12,415,87,1 139,218,183,259,21 
./data/dataset/train/184.jpg 281,6,324,63,17 206,159,244,177,15 24,189,56,263,17 141,124,178,151,35 
./data/dataset/train/185.jpg 153,44,223,97,35 255,150,293,168,48 26,348,67,372,47 96,291,140,328,49 
./data/dataset/train/186.jpg 13,78,36,109,22 96,121,133,137,34 184,343,234,400,15 250,254,287,280,20 
./data/dataset/train/187.jpg 28,135,97,179,40 101,213,167,283,5 249,79,292,108,11 
./data/dataset/train/188.jpg 63,13,101,69,25 226,151,270,193,32 132,267,175,298,32 180,350,217,406,49 
./data/dataset/train/189.jpg 362,172,392,223,21 295,6,320,58,25 339,243,353,270,33 145,309,156,335,11 194,93,208,120,29 
./data/dataset/train/190.jpg 273,164,317,197,47 101,360,132,391,1 186,265,251,297,3 142,68,180,91,26 
./data/dataset/train/191.jpg 270,3,281,28,22 361,347,384,397,29 209,90,249,138,45 
./data/dataset/train/192.jpg 72,158,93,208,18 286,123,323,149,17 17,26,36,56,12 37,371,66,402,46 131,215,153,265,32 
./data/dataset/train/193.jpg 18,262,85,331,17 246,63,302,118,6 342,373,385,402,29 
./data/dataset/train/194.jpg 208,148,229,178,25 309,94,331,124,28 23,229,61,250,49 376,278,413,294,19 133,324,200,393,29 
./data/dataset/train/195.jpg 271,134,321,191,46 100,19,127,72,51 166,278,196,309,39 325,353,369,386,22 
./data/dataset/train/196.jpg 301,247,339,264,14 148,96,190,122,9 89,0,141,57,13 35,327,72,343,37 
./data/dataset/train/197.jpg 298,29,363,100,36 148,244,217,307,19 39,377,77,401,20 22,318,34,344,22 125,118,138,144,26 
./data/dataset/train/198.jpg 292,169,332,190,18 233,40,276,70,44 384,116,415,147,44 2,384,45,413,13 147,267,217,320,17 
./data/dataset/train/199.jpg 348,49,390,74,48 149,230,218,294,27 38,83,106,149,10 
./data/dataset/train/200.jpg 116,165,154,214,0 198,322,262,365,50 322,53,365,96,51 
./data/dataset/train/201.jpg 197,44,261,116,44 107,244,176,307,35 289,375,315,406,25 51,118,94,175,50 
./data/dataset/train/202.jpg 327,179,348,209,1 38,1,89,78,32 237,248,301,287,43 
./data/dataset/train/203.jpg 114,93,149,122,16 171,304,208,328,30 
./data/dataset/train/204.jpg 263,68,315,145,13 106,345,170,385,21 
./data/dataset/train/205.jpg 213,116,279,150,29 79,188,93,215,23 122,36,161,84,6 171,241,207,291,24 283,296,302,326,45 
./data/dataset/train/206.jpg 52,26,95,56,23 278,250,316,268,47 
./data/dataset/train/207.jpg 236,22,256,52,3 31,194,95,224,17 175,336,218,365,31 111,81,173,129,45 
./data/dataset/train/208.jpg 215,348,249,403,40 313,69,351,125,0 69,258,137,298,46 168,12,198,63,51 
./data/dataset/train/209.jpg 218,79,282,110,22 58,242,84,294,5 166,117,201,167,5 15,220,55,240,2 
./data/dataset/train/210.jpg 276,389,313,406,27 237,92,269,146,15 36,350,47,376,33 60,237,98,257,28 
./data/dataset/train/211.jpg 1,112,29,163,3 198,169,261,214,0 80,255,143,300,5 346,327,410,358,18 
./data/dataset/train/212.jpg 0,273,23,304,26 284,360,308,391,11 33,130,96,161,8 200,37,229,68,34 351,326,373,356,50 
./data/dataset/train/213.jpg 378,369,412,399,49 99,314,136,364,30 162,247,179,276,33 309,124,341,178,35 
./data/dataset/train/214.jpg 299,301,331,352,12 68,214,83,242,28 225,165,236,190,23 339,80,397,134,8 
./data/dataset/train/215.jpg 230,101,263,156,21 1,208,55,285,33 109,322,133,373,16 
./data/dataset/train/216.jpg 143,252,165,302,43 31,141,69,163,18 242,319,284,376,40 349,179,374,231,40 74,55,110,131,34 
./data/dataset/train/217.jpg 155,314,191,370,48 265,62,326,112,36 355,211,395,232,11 
./data/dataset/train/218.jpg 127,89,143,117,6 23,236,92,302,45 178,140,203,171,8 
./data/dataset/train/219.jpg 363,60,396,111,31 111,146,140,177,41 318,113,358,134,35 71,306,110,354,43 251,2,276,54,24 
./data/dataset/train/220.jpg 295,332,314,362,43 119,370,143,401,38 28,45,98,94,32 340,118,393,174,34 
./data/dataset/train/221.jpg 13,202,53,222,22 124,80,193,123,49 
./data/dataset/train/222.jpg 33,323,97,353,23 338,90,378,138,0 150,249,188,273,23 305,356,327,406,46 
./data/dataset/train/223.jpg 383,331,410,362,13 9,207,79,262,37 115,103,156,125,37 
./data/dataset/train/224.jpg 328,266,398,320,32 241,365,255,392,25 
./data/dataset/train/225.jpg 15,189,76,240,48 284,5,346,78,1 90,112,127,138,20 212,242,247,292,33 
./data/dataset/train/226.jpg 52,37,118,107,19 302,258,331,309,40 249,191,288,240,0 
./data/dataset/train/227.jpg 5,190,49,225,8 128,291,172,330,7 257,123,315,177,47 
./data/dataset/train/228.jpg 94,86,136,111,5 327,266,397,319,22 57,158,87,209,40 
./data/dataset/train/229.jpg 18,163,88,214,37 128,62,181,118,24 269,303,307,379,3 387,256,415,287,32 
./data/dataset/train/230.jpg 120,222,183,269,51 377,158,415,178,47 
./data/dataset/train/231.jpg 268,89,298,120,45 196,341,263,377,51 91,182,155,221,51 
./data/dataset/train/232.jpg 237,117,268,191,24 339,205,382,247,45 40,317,85,374,15 157,278,181,309,15 
./data/dataset/train/233.jpg 131,315,172,361,13 6,123,27,153,6 309,29,378,74,13 
./data/dataset/train/234.jpg 2,61,66,133,22 290,194,312,224,9 221,336,285,380,36 319,262,361,288,29 
./data/dataset/train/235.jpg 27,271,57,302,34 177,119,240,166,27 130,27,143,54,18 
./data/dataset/train/236.jpg 139,81,176,106,18 302,121,371,166,23 29,197,87,251,50 
./data/dataset/train/237.jpg 111,55,152,101,27 278,205,331,261,0 
./data/dataset/train/238.jpg 372,133,401,164,15 43,375,105,401,10 199,287,262,318,11 288,77,332,113,50 
./data/dataset/train/239.jpg 139,208,174,237,26 6,112,44,161,43 66,24,102,52,32 235,274,292,328,31 
./data/dataset/train/240.jpg 345,182,415,230,18 286,25,322,52,34 122,258,147,310,8 
./data/dataset/train/241.jpg 255,195,325,252,18 135,97,204,140,32 9,357,34,388,19 
./data/dataset/train/242.jpg 298,159,368,213,32 82,14,123,60,36 200,98,255,154,13 
./data/dataset/train/243.jpg 155,213,193,234,46 364,276,397,327,15 103,150,144,173,35 210,178,238,209,0 
./data/dataset/train/244.jpg 320,258,364,292,2 19,9,83,45,20 225,367,263,387,4 172,52,209,79,6 
./data/dataset/train/245.jpg 93,289,162,354,30 249,148,288,205,7 
./data/dataset/train/246.jpg 70,194,92,244,18 251,313,285,363,4 306,52,349,80,31 
./data/dataset/train/247.jpg 335,17,375,74,33 95,145,124,199,51 175,250,186,275,42 
./data/dataset/train/248.jpg 254,221,324,274,9 166,112,199,167,15 38,362,75,387,30 
./data/dataset/train/249.jpg 315,60,385,113,30 220,135,251,166,20 27,2,97,55,14 
./data/dataset/train/250.jpg 224,243,258,318,17 368,123,383,151,38 93,209,128,237,39 
./data/dataset/train/251.jpg 248,157,292,214,24 210,44,232,94,50 78,284,113,313,9 118,320,140,370,22 
./data/dataset/train/252.jpg 171,356,208,405,2 255,61,321,130,29 354,278,398,309,35 
./data/dataset/train/253.jpg 16,210,33,239,2 391,262,415,312,2 223,37,255,111,11 288,112,332,152,33 352,157,383,188,24 
./data/dataset/train/254.jpg 326,92,364,113,32 64,297,101,314,27 103,346,161,400,22 
./data/dataset/train/255.jpg 127,29,196,72,46 29,354,68,402,44 371,299,399,350,49 268,73,338,135,46 
./data/dataset/train/256.jpg 85,194,97,220,14 301,302,349,359,41 196,33,260,70,25 
./data/dataset/train/257.jpg 206,76,246,97,49 65,262,129,293,4 358,212,394,240,24 
./data/dataset/train/258.jpg 233,361,297,392,28 106,235,127,285,28 40,13,83,55,24 164,316,193,347,10 
./data/dataset/train/259.jpg 332,126,352,156,34 51,314,106,370,2 367,209,411,244,8 
./data/dataset/train/260.jpg 185,79,248,124,35 78,0,122,39,2 304,262,339,291,42 
./data/dataset/train/261.jpg 240,251,310,305,27 321,55,371,132,8 77,170,147,223,45 
./data/dataset/train/262.jpg 120,196,169,273,26 60,357,100,414,5 215,6,239,37,16 
./data/dataset/train/263.jpg 113,282,142,336,48 257,81,293,131,36 179,22,242,53,43 
./data/dataset/train/264.jpg 269,107,303,137,29 16,45,54,101,32 
./data/dataset/train/265.jpg 353,28,383,59,48 307,344,332,375,29 181,61,217,88,15 
./data/dataset/train/266.jpg 23,217,55,248,10 349,107,389,183,46 315,256,340,287,11 250,40,314,74,27 
./data/dataset/train/267.jpg 142,161,204,188,21 33,335,70,385,36 262,104,332,160,32 
./data/dataset/train/268.jpg 363,45,399,72,29 248,155,287,212,6 16,219,54,242,46 
./data/dataset/train/269.jpg 29,45,73,78,20 271,150,324,227,10 164,240,207,317,14 
./data/dataset/train/270.jpg 255,316,315,390,28 172,210,213,257,13 358,49,385,100,48 43,164,111,206,45 
./data/dataset/train/271.jpg 330,171,400,218,49 183,77,233,134,26 84,254,119,283,37 277,338,321,372,33 
./data/dataset/train/272.jpg 161,27,197,54,35 282,362,298,390,18 27,214,65,232,16 
./data/dataset/train/273.jpg 145,247,204,300,22 21,149,85,183,9 318,313,353,342,39 232,71,281,128,3 
./data/dataset/train/274.jpg 24,0,59,75,28 210,168,270,219,9 291,277,322,328,17 
./data/dataset/train/275.jpg 178,63,248,125,21 130,136,174,173,37 256,360,300,394,21 374,227,398,277,4 
./data/dataset/train/276.jpg 149,8,187,26,38 27,349,51,400,8 99,314,110,339,26 306,82,340,132,34 
./data/dataset/train/277.jpg 281,120,314,150,31 376,220,413,236,33 5,257,71,327,17 260,181,271,206,28 
./data/dataset/train/278.jpg 265,264,302,288,21 199,363,237,387,37 377,142,410,193,16 38,98,81,128,15 
./data/dataset/train/279.jpg 84,98,128,132,16 250,346,314,385,30 358,167,373,195,6 
./data/dataset/train/280.jpg 278,280,346,347,31 172,199,207,228,8 231,121,272,178,41 69,75,100,106,26 
./data/dataset/train/281.jpg 235,146,298,179,12 158,97,196,120,28 117,342,145,373,21 11,306,49,326,50 
./data/dataset/train/282.jpg 323,214,391,280,32 98,85,130,159,9 252,369,321,415,1 
./data/dataset/train/283.jpg 246,180,305,233,22 157,24,224,93,1 308,324,346,380,3 370,240,395,292,12 
./data/dataset/train/284.jpg 254,188,283,239,21 186,383,223,409,42 33,255,101,321,50 
./data/dataset/train/285.jpg 101,356,139,377,15 183,40,221,56,7 363,74,374,99,36 36,224,72,280,49 
./data/dataset/train/286.jpg 339,157,407,224,23 137,329,182,386,25 286,64,330,101,22 
./data/dataset/train/287.jpg 23,52,64,129,0 105,247,145,295,12 310,195,353,224,50 169,146,201,177,15 
./data/dataset/train/288.jpg 177,336,188,361,1 89,152,133,209,10 289,12,313,43,15 229,83,271,129,31 
./data/dataset/train/289.jpg 104,188,134,242,8 160,33,201,110,45 231,254,287,330,35 
./data/dataset/train/290.jpg 20,274,56,324,45 85,4,155,59,15 174,78,232,154,31 367,218,389,268,30 
./data/dataset/train/291.jpg 296,390,333,415,50 352,45,397,102,14 55,302,89,352,49 137,139,205,207,16 
./data/dataset/train/292.jpg 158,342,195,367,37 75,145,144,188,36 13,298,57,335,18 295,193,312,222,33 325,251,361,278,45 
./data/dataset/train/293.jpg 348,42,392,74,46 107,177,151,210,27 198,342,242,380,12 
./data/dataset/train/294.jpg 147,244,217,292,2 327,174,377,231,20 65,295,127,321,7 
./data/dataset/train/295.jpg 378,75,411,105,41 250,249,320,309,7 186,170,210,220,2 16,362,40,412,19 
./data/dataset/train/296.jpg 300,280,326,311,11 3,165,60,219,48 371,355,415,412,37 
./data/dataset/train/297.jpg 121,64,176,140,14 236,215,300,287,37 324,5,382,59,39 
./data/dataset/train/298.jpg 92,95,152,146,0 351,339,389,358,29 1,242,31,273,7 293,59,320,90,29 
./data/dataset/train/299.jpg 262,36,307,93,45 93,139,130,195,25 188,311,246,386,31 
./data/dataset/train/300.jpg 281,237,345,270,23 185,137,242,213,6 59,80,129,133,32 
./data/dataset/train/301.jpg 29,81,73,123,37 306,268,339,298,7 
./data/dataset/train/302.jpg 40,110,51,135,45 186,215,220,270,2 75,41,138,88,29 232,346,275,376,44 
./data/dataset/train/303.jpg 66,176,130,206,2 212,25,240,76,40 
./data/dataset/train/304.jpg 251,174,274,205,14 180,313,239,366,42 65,21,104,69,2 8,246,45,271,24 
./data/dataset/train/305.jpg 20,164,51,195,35 271,222,306,278,29 70,29,140,77,31 374,346,407,401,4 
./data/dataset/train/306.jpg 324,244,367,286,47 82,172,134,229,47 261,363,299,381,30 32,55,66,85,43 
./data/dataset/train/307.jpg 61,8,92,82,20 250,105,287,131,39 145,176,215,236,34 
./data/dataset/train/308.jpg 221,346,243,376,27 91,262,133,289,50 
./data/dataset/train/309.jpg 263,221,327,259,49 354,111,395,134,43 210,24,254,63,26 142,316,184,373,24 
./data/dataset/train/310.jpg 112,32,157,89,24 254,137,303,214,8 194,218,227,269,28 
./data/dataset/train/311.jpg 150,302,186,352,33 245,39,312,75,33 332,142,369,169,14 
./data/dataset/train/312.jpg 37,5,66,36,3 102,378,123,408,39 234,223,273,241,19 151,110,191,130,33 
./data/dataset/train/313.jpg 195,117,227,171,1 130,291,190,343,41 315,187,363,244,24 84,20,118,75,10 
./data/dataset/train/314.jpg 113,216,148,245,33 164,142,227,169,34 300,323,343,400,25 
./data/dataset/train/315.jpg 104,324,152,401,38 216,259,286,310,4 360,62,396,118,6 
./data/dataset/train/316.jpg 5,297,49,329,44 186,130,230,166,46 98,52,162,94,19 272,30,310,48,2 
./data/dataset/train/317.jpg 169,203,204,231,18 16,121,80,158,37 320,10,340,40,40 226,289,287,363,3 
./data/dataset/train/318.jpg 73,323,137,357,27 35,110,57,160,14 245,56,288,85,7 
./data/dataset/train/319.jpg 231,325,273,351,45 326,5,396,68,28 24,266,65,289,33 
./data/dataset/train/320.jpg 12,40,48,68,11 194,129,248,205,45 135,384,168,414,35 92,284,133,331,14 
./data/dataset/train/321.jpg 218,288,280,315,18 343,29,384,86,42 93,322,124,396,49 
./data/dataset/train/322.jpg 305,291,374,354,43 120,193,163,238,42 179,109,244,180,28 
./data/dataset/train/323.jpg 132,312,176,369,4 190,3,224,53,34 232,88,296,130,14 
./data/dataset/train/324.jpg 41,249,105,288,12 313,299,354,322,39 183,162,243,237,20 
./data/dataset/train/325.jpg 252,307,299,364,19 36,9,87,66,2 2,129,19,158,16 
./data/dataset/train/326.jpg 295,94,358,167,34 228,244,292,287,28 85,189,110,220,51 
./data/dataset/train/327.jpg 74,300,137,346,27 332,164,373,211,47 152,96,179,127,5 199,10,261,36,19 
./data/dataset/train/328.jpg 108,246,144,273,47 291,174,314,224,8 39,8,77,26,1 373,73,414,150,14 182,350,246,384,25 
./data/dataset/train/329.jpg 112,352,176,391,13 206,129,230,160,46 277,163,306,194,37 
./data/dataset/train/330.jpg 142,273,207,344,19 311,149,373,197,45 
./data/dataset/train/331.jpg 253,24,317,54,50 338,105,406,172,37 78,262,143,294,31 150,225,189,243,25 
./data/dataset/train/332.jpg 141,336,167,367,37 212,255,270,309,22 34,189,84,246,10 
./data/dataset/train/333.jpg 158,228,195,253,12 270,86,297,117,26 13,339,50,366,36 
./data/dataset/train/334.jpg 254,9,297,54,11 37,107,79,153,17 
./data/dataset/train/335.jpg 185,148,203,177,39 45,92,79,142,19 119,318,157,367,18 
./data/dataset/train/336.jpg 86,164,117,195,23 150,14,197,91,38 
./data/dataset/train/337.jpg 125,104,159,134,0 6,280,44,299,48 361,154,395,209,44 
./data/dataset/train/338.jpg 119,19,155,75,26 333,255,377,292,15 274,349,310,376,51 35,128,79,161,47 
./data/dataset/train/339.jpg 272,220,336,263,20 140,42,210,102,44 240,165,269,196,45 56,324,73,353,19 
./data/dataset/train/340.jpg 185,61,210,113,50 220,258,239,287,48 318,127,361,154,16 152,7,176,38,50 54,360,123,404,41 
./data/dataset/train/341.jpg 279,353,293,380,16 149,169,183,199,31 10,231,47,256,22 
./data/dataset/train/342.jpg 187,185,257,244,48 10,296,76,331,36 
./data/dataset/train/343.jpg 75,199,134,252,8 14,17,73,70,40 333,290,373,310,38 267,270,305,288,14 
./data/dataset/train/344.jpg 113,155,182,220,31 383,42,412,93,33 300,319,364,363,43 
./data/dataset/train/345.jpg 303,325,334,356,7 362,169,405,213,45 175,223,210,273,33 
./data/dataset/train/346.jpg 103,47,136,102,33 365,314,403,330,6 262,372,325,402,20 
./data/dataset/train/347.jpg 161,180,197,256,5 59,54,89,105,27 346,132,384,151,2 
./data/dataset/train/348.jpg 52,156,95,213,25 120,359,180,410,39 283,233,325,290,13 
./data/dataset/train/349.jpg 334,277,397,306,5 255,76,287,127,42 49,17,118,61,27 159,128,203,166,1 
./data/dataset/train/350.jpg 198,222,268,282,51 52,88,90,109,35 276,293,346,354,26 
./data/dataset/train/351.jpg 68,130,89,160,9 324,198,355,229,36 99,230,157,306,19 
./data/dataset/train/352.jpg 302,280,339,297,5 83,46,124,92,5 230,334,271,357,36 126,161,192,195,45 
./data/dataset/train/353.jpg 197,220,223,272,4 371,36,403,110,19 57,368,95,388,14 264,301,292,332,25 
./data/dataset/train/354.jpg 60,314,129,378,21 232,168,270,188,47 317,189,354,216,25 153,230,181,261,10 
./data/dataset/train/355.jpg 170,89,231,163,12 44,21,99,77,30 326,344,351,375,4 
./data/dataset/train/356.jpg 15,173,77,201,30 161,354,189,407,3 
./data/dataset/train/357.jpg 14,263,35,293,47 197,202,267,249,33 87,99,112,130,7 274,341,315,364,47 
./data/dataset/train/358.jpg 37,126,73,153,23 118,345,188,408,51 292,38,350,114,47 
./data/dataset/train/359.jpg 157,316,220,346,6 94,237,115,287,34 231,38,297,108,33 400,172,415,200,42 
./data/dataset/train/360.jpg 174,147,243,213,0 25,274,69,308,31 313,84,381,125,1 
./data/dataset/train/361.jpg 245,130,268,180,1 139,285,182,362,43 286,65,326,86,51 355,94,397,120,5 
./data/dataset/train/362.jpg 145,51,180,107,8 65,345,109,380,49 295,148,332,173,12 350,225,390,301,28 
./data/dataset/train/363.jpg 0,240,69,306,24 232,320,269,369,10 278,118,302,149,10 189,59,228,107,44 
./data/dataset/train/364.jpg 274,269,327,346,13 392,378,406,405,47 123,173,167,206,5 342,141,366,172,11 
./data/dataset/train/365.jpg 132,221,202,282,10 21,312,85,351,46 288,136,342,212,10 
./data/dataset/train/366.jpg 308,192,377,256,31 231,54,263,128,45 12,147,56,184,38 68,340,93,390,3 
./data/dataset/train/367.jpg 376,163,412,239,5 257,348,301,388,17 303,97,344,120,29 57,249,68,274,25 8,276,27,306,44 
./data/dataset/train/368.jpg 290,304,328,327,15 9,214,47,270,18 74,356,114,404,1 190,101,210,131,42 
./data/dataset/train/369.jpg 157,349,195,372,16 357,161,381,192,11 328,265,350,315,39 5,386,43,406,10 197,98,238,121,47 
./data/dataset/train/370.jpg 278,265,289,290,17 137,338,203,372,27 52,29,114,77,25 344,107,413,150,17 
./data/dataset/train/371.jpg 111,270,169,346,10 178,112,189,138,12 356,228,384,259,7 14,361,36,411,46 
./data/dataset/train/372.jpg 270,269,331,343,31 185,38,223,57,39 236,61,269,116,25 86,353,156,415,4 
./data/dataset/train/373.jpg 18,330,81,375,48 225,149,244,178,9 294,240,321,271,51 
./data/dataset/train/374.jpg 133,320,196,349,25 367,284,386,314,5 68,218,89,248,12 197,150,241,184,2 
./data/dataset/train/375.jpg 175,42,217,68,1 240,160,307,198,23 94,333,121,386,16 
./data/dataset/train/376.jpg 89,190,145,266,48 253,34,293,110,42 329,284,393,328,36 
./data/dataset/train/377.jpg 77,369,114,394,38 278,222,316,278,10 174,73,218,111,36 347,155,376,186,33 
./data/dataset/train/378.jpg 277,14,321,52,50 29,250,98,295,20 351,322,405,378,29 126,87,171,144,36 
./data/dataset/train/379.jpg 379,135,412,165,5 359,83,378,113,36 262,299,305,344,40 171,6,219,63,41 244,258,258,285,40 
./data/dataset/train/380.jpg 278,30,303,82,41 372,144,415,189,10 79,276,140,327,33 148,226,192,264,42 
./data/dataset/train/381.jpg 156,189,191,218,6 240,44,277,71,14 23,304,86,351,38 
./data/dataset/train/382.jpg 18,63,81,96,9 235,179,304,243,7 208,35,221,61,50 
./data/dataset/train/383.jpg 81,232,145,272,36 200,167,238,185,1 
./data/dataset/train/384.jpg 306,82,342,132,46 49,206,86,233,5 188,138,230,163,31 375,31,401,62,11 
./data/dataset/train/385.jpg 321,66,359,86,16 238,260,260,310,6 372,32,400,63,7 86,219,152,253,47 
./data/dataset/train/386.jpg 156,361,192,411,49 257,91,291,121,14 38,213,60,263,49 
./data/dataset/train/387.jpg 319,320,356,347,15 262,230,289,281,8 74,113,89,141,39 
./data/dataset/train/388.jpg 105,195,174,240,14 341,63,384,140,8 242,260,285,303,30 
./data/dataset/train/389.jpg 225,71,287,119,36 89,316,127,340,22 319,240,387,307,2 
./data/dataset/train/390.jpg 341,61,411,117,50 87,272,149,320,27 28,352,71,382,34 305,28,340,56,42 
./data/dataset/train/391.jpg 191,224,229,248,12 343,325,368,375,47 42,103,112,161,49 
./data/dataset/train/392.jpg 321,303,339,332,2 351,189,399,246,21 270,45,304,120,9 
./data/dataset/train/393.jpg 205,38,239,88,27 27,260,39,286,20 301,287,344,314,35 45,113,114,158,2 
./data/dataset/train/394.jpg 167,351,234,387,47 355,122,379,153,48 20,279,62,325,23 103,3,154,80,5 
./data/dataset/train/395.jpg 142,242,186,283,13 12,305,67,361,33 277,149,288,174,16 326,90,354,141,29 
./data/dataset/train/396.jpg 229,104,299,161,41 326,262,394,330,21 69,216,102,246,35 
./data/dataset/train/397.jpg 112,152,148,202,46 342,237,373,288,9 185,13,229,90,3 
./data/dataset/train/398.jpg 170,73,214,114,29 358,122,377,152,42 97,194,139,251,43 
./data/dataset/train/399.jpg 335,328,379,361,0 71,101,141,161,50 219,264,257,288,11 
./data/dataset/train/400.jpg 366,280,410,320,39 36,364,68,395,20 1,38,22,68,19 295,69,359,103,31 
./data/dataset/train/401.jpg 375,90,412,140,40 343,14,366,64,32 3,330,67,368,3 220,242,254,292,37 155,191,194,209,36 
./data/dataset/train/402.jpg 223,362,287,400,15 337,39,365,90,45 132,272,176,310,12 184,198,210,229,28 
./data/dataset/train/403.jpg 277,362,300,412,15 348,164,386,187,17 186,214,219,265,40 103,7,146,35,24 
./data/dataset/train/404.jpg 196,313,235,362,26 356,218,398,295,18 281,93,343,166,21 
./data/dataset/train/405.jpg 349,200,383,250,16 162,117,202,138,33 324,335,339,363,0 122,171,158,198,41 
./data/dataset/train/406.jpg 247,328,270,379,51 155,262,172,291,22 
./data/dataset/train/407.jpg 312,126,342,157,51 155,194,192,219,44 96,64,134,87,45 360,276,400,296,7 194,309,232,328,34 
./data/dataset/train/408.jpg 20,342,61,365,32 251,56,317,126,7 94,134,155,208,29 
./data/dataset/train/409.jpg 215,168,256,214,26 38,79,108,139,0 285,275,314,326,1 319,12,349,63,11 
./data/dataset/train/410.jpg 209,87,265,142,34 276,236,345,300,7 141,190,185,228,20 
./data/dataset/train/411.jpg 5,214,37,265,49 266,20,301,76,14 318,139,355,165,7 
./data/dataset/train/412.jpg 259,44,286,97,22 97,191,154,245,41 293,289,333,310,45 29,111,93,142,40 197,312,235,336,42 
./data/dataset/train/413.jpg 161,291,224,364,8 303,71,340,120,9 35,12,63,65,50 
./data/dataset/train/414.jpg 66,92,87,142,22 199,203,240,249,50 
./data/dataset/train/415.jpg 131,254,159,285,47 205,205,225,235,44 329,25,384,101,15 
./data/dataset/train/416.jpg 330,46,370,67,8 239,262,281,339,13 143,93,176,144,22 75,164,117,209,16 
./data/dataset/train/417.jpg 99,159,132,214,17 17,337,66,414,3 254,94,295,118,13 182,3,252,63,20 
./data/dataset/train/418.jpg 65,164,109,200,28 232,89,254,119,4 126,61,164,79,11 365,259,404,278,47 268,22,331,54,17 
./data/dataset/train/419.jpg 316,217,380,261,51 89,76,123,126,5 
./data/dataset/train/420.jpg 292,357,314,407,29 392,10,410,39,6 190,263,250,314,3 53,110,95,136,3 
./data/dataset/train/421.jpg 342,308,402,382,8 70,258,102,289,20 178,176,207,207,37 
./data/dataset/train/422.jpg 206,221,266,295,33 346,51,410,87,18 12,357,79,394,12 
./data/dataset/train/423.jpg 56,377,96,398,38 118,92,159,138,12 343,236,404,287,44 
./data/dataset/train/424.jpg 250,55,280,86,48 162,346,178,374,6 326,259,367,283,36 
./data/dataset/train/425.jpg 0,223,38,245,32 56,314,95,362,48 187,188,221,218,5 111,38,148,94,3 
./data/dataset/train/426.jpg 35,344,57,394,37 159,117,229,177,44 354,245,414,319,36 
./data/dataset/train/427.jpg 54,136,85,187,12 12,97,30,126,0 323,7,390,75,7 166,225,229,271,22 
./data/dataset/train/428.jpg 15,318,51,394,9 144,279,207,306,5 357,58,394,85,9 68,230,111,274,38 287,26,315,57,49 
./data/dataset/train/429.jpg 129,335,169,411,12 280,160,307,213,1 62,291,126,324,8 
./data/dataset/train/430.jpg 171,112,231,186,3 31,315,68,342,12 263,80,283,110,10 
./data/dataset/train/431.jpg 225,336,262,352,5 162,274,200,297,46 64,117,134,169,16 
./data/dataset/train/432.jpg 386,84,399,110,35 149,33,187,55,46 108,308,126,337,1 331,359,375,398,30 
./data/dataset/train/433.jpg 101,232,133,263,23 157,296,215,350,35 38,137,73,193,20 
./data/dataset/train/434.jpg 84,171,146,197,32 191,43,255,74,40 309,312,356,389,9 13,11,33,41,33 
./data/dataset/train/435.jpg 328,261,391,293,14 226,94,270,130,4 142,325,179,341,14 187,150,211,181,13 
./data/dataset/train/436.jpg 306,290,338,321,9 110,37,170,112,5 206,150,265,202,33 358,324,387,375,41 
./data/dataset/train/437.jpg 58,195,101,240,17 309,64,377,105,34 213,247,248,276,23 146,327,210,369,18 
./data/dataset/train/438.jpg 207,329,271,362,25 160,100,203,157,20 
./data/dataset/train/439.jpg 63,165,85,195,15 200,83,242,109,26 288,7,331,37,26 153,373,195,398,7 
./data/dataset/train/440.jpg 343,244,375,275,37 223,95,258,151,2 45,370,109,412,18 
./data/dataset/train/441.jpg 209,266,247,285,28 47,127,85,146,0 381,317,396,345,21 309,11,372,43,10 
./data/dataset/train/442.jpg 179,106,223,144,20 62,11,132,70,2 304,171,361,226,1 
./data/dataset/train/443.jpg 255,261,321,295,34 110,90,148,109,19 
./data/dataset/train/444.jpg 243,115,281,164,43 68,236,94,267,50 169,12,193,62,43 102,279,131,310,20 
./data/dataset/train/445.jpg 82,294,144,320,5 335,222,357,272,45 309,330,322,357,29 373,65,412,114,37 
./data/dataset/train/446.jpg 206,138,262,214,7 71,64,104,115,12 287,258,324,282,27 143,324,176,354,13 
./data/dataset/train/447.jpg 280,91,315,120,35 85,0,128,27,17 331,377,352,407,48 
./data/dataset/train/448.jpg 227,136,260,166,40 343,23,375,54,40 0,360,38,384,12 118,244,158,292,19 
./data/dataset/train/449.jpg 313,19,338,50,26 63,61,106,91,19 29,338,62,368,5 181,151,206,202,36 139,263,179,284,23 
./data/dataset/train/450.jpg 281,264,345,303,6 141,78,208,115,28 
./data/dataset/train/451.jpg 307,130,359,187,18 144,321,214,384,14 72,273,102,304,16 
./data/dataset/train/452.jpg 106,216,146,273,14 278,152,303,183,15 184,21,220,71,48 
./data/dataset/train/453.jpg 109,362,173,392,3 369,306,406,355,32 328,243,347,273,5 230,154,265,210,39 
./data/dataset/train/454.jpg 104,66,166,140,24 354,186,388,241,40 198,12,220,62,46 
./data/dataset/train/455.jpg 25,46,56,77,45 156,303,194,319,18 348,204,387,252,50 
./data/dataset/train/456.jpg 100,359,130,410,18 27,109,39,135,8 40,145,63,176,11 171,215,198,246,17 
./data/dataset/train/457.jpg 387,307,410,357,9 35,11,80,68,28 275,384,311,412,11 117,106,155,125,10 
./data/dataset/train/458.jpg 301,279,365,322,33 126,376,147,406,30 176,13,246,67,18 
./data/dataset/train/459.jpg 253,108,291,129,36 146,131,184,152,2 43,180,99,235,23 193,56,214,106,25 
./data/dataset/train/460.jpg 104,94,147,123,38 29,180,60,211,28 279,283,304,335,44 322,346,365,376,1 
./data/dataset/train/461.jpg 190,119,254,156,26 61,271,78,300,28 
./data/dataset/train/462.jpg 115,291,148,321,19 204,325,218,352,36 71,193,97,224,38 241,38,298,114,49 357,9,395,30,45 
./data/dataset/train/463.jpg 145,42,157,68,28 312,6,355,35,43 92,117,121,171,6 266,255,300,330,13 
./data/dataset/train/464.jpg 190,164,247,240,5 248,106,267,136,23 323,243,365,268,10 273,309,301,340,17 107,39,151,79,35 
./data/dataset/train/465.jpg 107,33,126,63,10 229,76,253,127,17 13,223,57,260,8 155,137,192,162,14 357,341,390,371,36 
./data/dataset/train/466.jpg 234,177,301,213,22 60,341,81,391,15 130,60,161,114,2 333,257,389,312,2 
./data/dataset/train/467.jpg 222,146,256,196,24 35,277,99,308,21 117,88,130,115,46 16,206,30,233,3 
./data/dataset/train/468.jpg 77,293,115,313,50 197,63,224,116,29 225,214,286,288,23 352,159,389,185,23 
./data/dataset/train/469.jpg 375,301,399,332,42 24,94,59,150,18 215,216,267,273,47 
./data/dataset/train/470.jpg 355,123,397,180,19 103,259,140,309,46 
./data/dataset/train/471.jpg 278,109,340,182,25 343,226,371,257,20 123,360,143,390,24 146,278,186,299,23 
./data/dataset/train/472.jpg 229,206,267,223,46 299,131,366,167,14 58,42,87,73,49 113,266,173,317,44 
./data/dataset/train/473.jpg 297,2,338,59,23 349,218,374,249,18 225,284,262,309,36 64,341,77,368,24 
./data/dataset/train/474.jpg 200,304,244,343,13 123,130,186,160,14 276,80,299,111,21 
./data/dataset/train/475.jpg 57,287,100,315,23 230,171,259,202,40 190,68,228,89,18 
./data/dataset/train/476.jpg 117,142,151,172,7 44,231,98,308,17 259,21,323,56,50 
./data/dataset/train/477.jpg 231,154,294,187,7 43,330,106,403,31 339,193,373,243,39 
./data/dataset/train/478.jpg 150,47,196,104,47 292,356,362,404,49 28,222,96,288,36 382,295,410,348,6 
./data/dataset/train/479.jpg 111,325,144,355,21 342,34,391,111,21 48,244,85,260,16 
./data/dataset/train/480.jpg 189,181,217,234,32 33,282,103,330,0 266,12,336,74,19 117,102,186,147,7 
./data/dataset/train/481.jpg 17,187,75,241,37 167,268,185,297,13 238,116,297,168,1 361,370,376,398,28 
./data/dataset/train/482.jpg 106,292,142,342,26 34,199,100,269,38 192,10,256,54,15 
./data/dataset/train/483.jpg 237,170,278,227,6 337,43,376,91,2 58,270,122,303,48 126,136,159,166,33 285,317,310,369,31 
./data/dataset/train/484.jpg 348,51,392,93,21 219,163,246,216,21 284,322,305,352,27 103,111,144,158,44 
./data/dataset/train/485.jpg 78,7,148,69,23 306,339,376,393,6 270,126,283,153,50 53,202,64,227,1 
./data/dataset/train/486.jpg 160,101,194,131,20 294,133,360,167,44 249,275,293,312,11 
./data/dataset/train/487.jpg 304,254,373,319,48 109,146,173,187,43 193,325,237,382,21 
./data/dataset/train/488.jpg 350,259,387,285,4 263,82,333,135,47 172,322,216,357,43 30,200,73,242,28 
./data/dataset/train/489.jpg 75,252,116,309,42 323,72,382,124,11 142,186,163,216,43 168,25,212,56,31 
./data/dataset/train/490.jpg 191,97,261,152,11 49,266,93,301,22 350,181,413,228,2 279,12,339,86,16 
./data/dataset/train/491.jpg 204,226,248,262,23 56,38,126,86,15 165,128,187,178,2 
./data/dataset/train/492.jpg 204,223,263,298,31 293,103,320,134,1 327,22,364,39,48 
./data/dataset/train/493.jpg 33,148,100,217,43 314,344,358,377,29 217,60,251,110,19 
./data/dataset/train/494.jpg 327,43,365,99,15 8,231,42,261,44 98,162,141,206,25 220,303,286,338,20 
./data/dataset/train/495.jpg 303,62,373,113,17 211,296,261,373,34 120,192,190,245,11 
./data/dataset/train/496.jpg 292,202,354,228,29 128,85,151,136,13 26,161,64,182,47 
./data/dataset/train/497.jpg 268,66,318,123,37 386,284,412,335,26 106,190,172,260,7 
./data/dataset/train/498.jpg 251,316,292,340,6 377,225,415,243,27 119,110,183,145,51 217,21,249,95,44 
./data/dataset/train/499.jpg 110,245,133,296,50 261,82,311,139,11 351,197,367,225,6 
./data/dataset/train/500.jpg 261,112,299,136,7 348,197,360,223,14 169,82,210,105,28 226,281,237,307,37 364,23,398,53,15 
./data/dataset/train/501.jpg 252,143,273,193,25 52,200,122,256,25 169,314,226,369,17 
./data/dataset/train/502.jpg 46,270,114,312,0 134,326,178,368,51 345,136,389,173,28 
./data/dataset/train/503.jpg 144,335,157,361,47 188,30,256,98,15 328,246,365,262,15 270,106,313,149,26 
./data/dataset/train/504.jpg 174,297,232,351,11 298,10,342,51,47 37,82,98,133,34 
./data/dataset/train/505.jpg 246,232,313,268,18 362,304,392,355,49 106,78,176,139,17 345,9,360,37,41 
./data/dataset/train/506.jpg 119,293,187,333,1 238,130,250,156,44 102,346,113,371,18 208,223,230,273,21 
./data/dataset/train/507.jpg 217,249,244,280,46 76,79,105,110,27 349,298,412,344,24 256,345,319,392,51 145,194,177,245,17 
./data/dataset/train/508.jpg 205,50,275,108,28 293,145,355,218,22 
./data/dataset/train/509.jpg 26,248,65,296,9 288,52,349,103,33 178,193,241,222,21 
./data/dataset/train/510.jpg 119,272,161,317,48 249,139,312,186,48 
./data/dataset/train/511.jpg 55,145,69,172,35 102,178,144,224,40 181,317,209,370,41 376,245,392,273,4 
./data/dataset/train/512.jpg 177,198,212,227,6 315,321,353,344,12 228,164,263,193,21 277,377,300,408,46 366,274,409,303,8 
./data/dataset/train/513.jpg 216,25,278,74,19 21,148,68,225,17 94,83,122,136,13 
./data/dataset/train/514.jpg 301,321,339,339,32 115,50,129,77,24 209,103,252,134,24 28,241,98,299,1 
./data/dataset/train/515.jpg 155,148,225,211,39 333,51,402,114,19 56,312,126,361,15 
./data/dataset/train/516.jpg 17,37,60,80,36 184,184,228,225,8 326,242,390,284,25 
./data/dataset/train/517.jpg 88,215,154,285,50 216,120,270,176,15 350,19,406,74,9 
./data/dataset/train/518.jpg 107,303,150,347,4 65,54,91,85,44 352,229,393,276,15 159,362,197,386,51 
./data/dataset/train/519.jpg 75,16,109,46,3 254,356,285,387,50 333,278,395,352,39 169,195,212,239,51 2,75,44,152,39 
./data/dataset/train/520.jpg 77,140,141,212,22 190,217,220,268,12 39,269,65,321,15 
./data/dataset/train/521.jpg 91,73,152,124,4 365,242,403,298,4 223,157,267,190,4 
./data/dataset/train/522.jpg 5,182,61,237,4 250,374,281,405,7 343,257,378,286,24 164,120,208,153,0 86,42,124,58,5 
./data/dataset/train/523.jpg 136,335,167,386,47 331,32,400,78,41 178,258,220,303,26 297,84,323,136,40 251,160,276,210,42 
./data/dataset/train/524.jpg 156,74,193,124,32 258,329,276,358,46 19,185,53,235,7 
./data/dataset/train/525.jpg 40,161,73,191,23 317,212,355,232,5 356,239,414,293,44 250,330,269,360,27 
./data/dataset/train/526.jpg 92,125,129,174,15 169,186,205,242,17 39,16,76,41,25 238,309,268,360,9 
./data/dataset/train/527.jpg 336,129,400,171,13 245,47,293,104,34 
./data/dataset/train/528.jpg 23,269,93,319,25 252,52,318,86,35 166,362,210,403,12 117,336,157,357,18 
./data/dataset/train/529.jpg 320,362,349,393,33 164,266,234,319,16 247,59,284,109,45 87,175,136,232,39 
./data/dataset/train/530.jpg 302,112,355,168,25 264,35,296,66,38 143,361,154,386,24 374,241,402,294,36 
./data/dataset/train/531.jpg 185,93,227,138,17 88,280,120,311,2 244,197,268,228,15 
./data/dataset/train/532.jpg 330,151,396,185,3 97,293,126,324,35 
./data/dataset/train/533.jpg 300,147,370,202,1 202,285,252,342,38 373,84,397,115,45 
./data/dataset/train/534.jpg 63,60,133,111,0 248,314,292,353,39 313,181,359,258,33 
./data/dataset/train/535.jpg 310,133,354,173,9 129,178,167,199,22 230,89,252,119,7 
./data/dataset/train/536.jpg 79,201,116,251,3 2,53,69,89,14 130,105,172,182,31 241,344,309,386,40 
./data/dataset/train/537.jpg 113,206,169,261,31 245,72,282,97,16 338,139,402,178,8 41,347,105,382,19 
./data/dataset/train/538.jpg 139,49,209,102,14 108,327,138,381,7 288,140,323,169,25 35,267,47,293,41 371,182,390,211,34 
./data/dataset/train/539.jpg 237,251,271,281,18 148,368,159,393,49 101,173,140,192,25 
./data/dataset/train/540.jpg 178,195,195,224,0 78,76,116,125,37 205,154,229,185,49 230,290,298,330,20 
./data/dataset/train/541.jpg 305,56,340,85,41 20,127,41,177,31 57,296,103,373,0 
./data/dataset/train/542.jpg 9,60,73,97,28 147,252,188,299,12 
./data/dataset/train/543.jpg 29,5,73,44,49 91,159,135,195,25 207,269,269,296,21 297,320,348,377,51 
./data/dataset/train/544.jpg 91,65,119,118,15 135,252,162,305,2 57,172,69,198,30 242,213,280,236,30 327,13,340,40,17 181,313,234,369,17 
./data/dataset/train/545.jpg 345,304,414,368,8 151,48,166,76,13 172,77,224,134,10 303,200,332,231,35 
./data/dataset/train/546.jpg 129,113,199,168,14 359,319,409,376,17 
./data/dataset/train/547.jpg 13,82,75,108,23 149,334,198,391,22 222,37,252,68,44 348,128,407,203,40 
./data/dataset/train/548.jpg 227,326,251,357,11 267,96,304,121,25 349,136,407,212,16 
./data/dataset/train/549.jpg 234,178,268,253,9 339,28,355,56,12 120,70,159,119,6 275,132,338,177,2 
./data/dataset/train/550.jpg 84,358,106,408,35 168,146,206,170,16 380,42,393,69,18 112,280,153,337,3 
./data/dataset/train/551.jpg 93,127,135,204,33 36,44,78,89,17 343,296,374,347,39 
./data/dataset/train/552.jpg 18,12,38,42,33 252,65,322,125,8 152,278,221,323,47 
./data/dataset/train/553.jpg 203,203,237,253,51 299,351,362,378,4 60,39,103,83,19 135,141,196,192,14 
./data/dataset/train/554.jpg 90,18,123,48,36 270,243,340,296,25 137,321,200,348,30 
./data/dataset/train/555.jpg 206,101,275,167,11 55,25,73,54,17 348,61,381,91,42 163,267,186,318,24 128,202,147,231,15 
./data/dataset/train/556.jpg 34,325,72,344,21 86,365,149,396,24 278,94,328,151,48 192,31,255,76,1 
./data/dataset/train/557.jpg 21,212,64,289,46 370,299,397,330,10 295,55,348,111,12 188,140,232,180,34 
./data/dataset/train/558.jpg 43,117,72,171,22 274,223,344,284,23 
./data/dataset/train/559.jpg 264,96,308,136,14 323,152,382,227,17 182,247,223,294,40 
./data/dataset/train/560.jpg 192,231,227,260,6 353,180,397,220,3 253,107,291,123,37 83,145,111,176,31 
./data/dataset/train/561.jpg 311,28,373,54,25 249,119,298,176,43 12,299,42,353,48 
./data/dataset/train/562.jpg 150,342,216,411,0 17,263,58,285,22 357,105,396,124,40 277,188,318,234,40 
./data/dataset/train/563.jpg 49,302,118,366,2 121,69,180,121,4 305,195,340,270,9 
./data/dataset/train/564.jpg 280,118,350,177,24 358,281,414,336,19 68,46,96,97,3 
./data/dataset/train/565.jpg 202,251,240,269,48 110,317,179,381,14 356,72,384,103,34 
./data/dataset/train/566.jpg 291,341,315,372,2 326,265,395,308,24 137,188,181,221,43 7,25,41,100,6 
./data/dataset/train/567.jpg 303,29,345,106,31 86,199,124,221,13 28,273,52,304,21 
./data/dataset/train/568.jpg 15,128,79,168,3 161,267,205,309,38 263,66,327,96,47 93,97,131,115,1 
./data/dataset/train/569.jpg 110,209,174,250,41 357,116,413,171,1 
./data/dataset/train/570.jpg 105,117,169,153,16 171,164,241,226,24 45,78,89,114,31 286,346,354,388,22 
./data/dataset/train/571.jpg 322,51,363,97,38 120,268,150,322,48 
./data/dataset/train/572.jpg 182,203,245,250,4 269,316,304,345,28 152,277,176,308,6 
./data/dataset/train/573.jpg 350,92,378,145,18 197,194,227,225,51 302,28,328,59,16 
./data/dataset/train/574.jpg 315,188,330,216,49 218,67,256,143,50 144,245,172,298,40 19,302,76,356,45 
./data/dataset/train/575.jpg 135,319,182,376,48 264,195,334,243,13 237,259,262,310,50 82,129,114,180,35 
./data/dataset/train/576.jpg 173,59,233,134,15 104,245,139,274,4 336,356,406,405,17 5,202,49,237,0 
./data/dataset/train/577.jpg 240,338,281,415,24 187,10,224,26,36 327,126,397,189,26 7,265,42,293,35 120,220,164,260,41 
./data/dataset/train/578.jpg 50,386,92,412,13 188,126,225,150,37 383,343,394,369,23 287,154,347,229,16 111,53,153,79,29 
./data/dataset/train/579.jpg 234,147,286,204,39 67,45,126,97,23 132,3,195,30,5 350,257,392,314,23 
./data/dataset/train/580.jpg 288,86,357,152,39 58,183,105,260,12 229,32,243,59,43 
./data/dataset/train/581.jpg 261,80,305,121,15 315,18,353,36,26 81,183,119,205,50 25,329,64,386,25 379,255,390,280,9 
./data/dataset/train/582.jpg 149,28,194,105,3 314,235,360,312,24 248,314,290,339,50 66,130,105,178,38 
./data/dataset/train/583.jpg 86,259,136,316,19 161,11,231,67,38 370,148,408,172,51 320,87,350,118,14 
./data/dataset/train/584.jpg 268,58,298,89,0 92,177,145,254,9 389,19,400,45,21 
./data/dataset/train/585.jpg 364,45,409,102,11 56,339,84,370,1 157,245,226,290,31 294,108,338,140,35 
./data/dataset/train/586.jpg 232,288,267,317,20 312,239,379,276,17 133,38,161,69,11 16,164,60,195,12 
./data/dataset/train/587.jpg 182,348,219,374,0 143,318,162,347,1 105,205,119,232,17 301,249,327,280,45 
./data/dataset/train/588.jpg 33,322,93,396,43 227,69,292,140,22 372,261,403,292,14 
./data/dataset/train/589.jpg 264,193,333,258,29 20,86,64,143,32 220,160,240,190,32 101,3,132,34,31 
./data/dataset/train/590.jpg 374,7,399,38,21 161,88,197,144,39 223,197,265,254,16 102,256,134,287,15 
./data/dataset/train/591.jpg 258,54,293,83,10 69,227,124,303,32 176,112,214,168,26 
./data/dataset/train/592.jpg 304,269,344,317,51 35,51,76,74,47 93,150,135,207,33 275,320,293,349,50 
./data/dataset/train/593.jpg 339,273,383,309,25 134,361,171,410,8 201,216,260,269,33 57,102,94,126,19 
./data/dataset/train/594.jpg 268,74,302,129,20 174,15,190,43,11 131,198,163,229,13 87,307,118,358,16 
./data/dataset/train/595.jpg 317,0,376,52,2 33,263,97,307,45 
./data/dataset/train/596.jpg 369,212,393,262,7 78,285,146,326,15 18,339,46,390,9 
./data/dataset/train/597.jpg 268,196,301,247,14 95,353,133,402,12 152,111,174,161,40 24,315,37,341,16 
./data/dataset/train/598.jpg 334,157,349,185,32 75,355,132,409,30 237,218,301,248,25 136,282,179,339,9 
./data/dataset/train/599.jpg 99,34,137,51,1 16,280,66,357,22 306,375,370,408,39 
./data/dataset/train/600.jpg 77,237,111,287,14 255,352,305,409,32 144,88,188,119,36 
./data/dataset/train/601.jpg 66,215,98,246,14 172,25,242,85,42 
./data/dataset/train/602.jpg 86,84,153,120,18 298,230,333,259,3 
./data/dataset/train/603.jpg 254,104,307,160,50 122,48,155,78,10 342,242,385,286,26 
./data/dataset/train/604.jpg 49,256,118,320,26 151,190,191,210,29 300,136,337,153,14 235,363,269,393,18 
./data/dataset/train/605.jpg 253,351,313,402,11 172,108,198,139,32 327,159,364,186,12 16,76,54,95,41 
./data/dataset/train/606.jpg 80,287,143,334,45 284,111,353,154,7 4,215,42,233,4 
./data/dataset/train/607.jpg 140,304,200,355,6 13,12,70,88,40 283,170,313,201,14 360,106,396,134,12 
./data/dataset/train/608.jpg 225,86,282,141,14 145,159,210,191,30 2,294,22,324,34 382,334,398,362,33 60,34,100,55,25 
./data/dataset/train/609.jpg 76,77,122,154,16 189,8,200,33,27 283,320,345,393,51 
./data/dataset/train/610.jpg 297,206,345,263,41 373,66,415,111,7 17,126,57,146,37 134,266,171,316,42 
./data/dataset/train/611.jpg 177,45,220,88,49 343,362,369,414,47 
./data/dataset/train/612.jpg 6,47,53,104,51 298,297,352,374,45 200,144,242,190,18 
./data/dataset/train/613.jpg 24,304,67,347,25 284,224,346,250,19 208,175,250,220,27 103,56,147,89,44 
./data/dataset/train/614.jpg 241,60,286,117,9 82,287,126,325,9 188,228,225,255,44 298,17,327,48,51 
./data/dataset/train/615.jpg 107,112,170,158,46 188,8,252,51,28 306,299,359,355,48 
./data/dataset/train/616.jpg 23,219,44,269,2 334,333,404,384,18 116,117,164,194,14 288,61,327,79,46 187,395,224,412,29 
./data/dataset/train/617.jpg 102,279,134,353,25 306,111,350,150,0 233,18,265,49,0 
./data/dataset/train/618.jpg 159,347,228,413,5 350,59,400,116,33 68,1,108,49,25 28,155,63,183,17 
./data/dataset/train/619.jpg 123,56,159,84,12 61,116,103,162,31 172,327,234,376,9 282,198,326,236,25 
./data/dataset/train/620.jpg 105,344,143,361,38 329,253,341,279,28 172,63,242,112,3 
./data/dataset/train/621.jpg 112,350,181,395,32 368,122,385,151,34 242,251,261,281,41 283,3,323,23,33 
./data/dataset/train/622.jpg 137,343,207,390,37 286,219,322,247,51 
./data/dataset/train/623.jpg 137,231,176,307,21 320,86,342,136,18 185,369,209,400,26 
./data/dataset/train/624.jpg 307,13,369,41,46 206,253,272,322,32 28,167,95,205,0 
./data/dataset/train/625.jpg 49,1,119,57,30 14,171,44,202,33 151,82,182,113,14 291,257,318,288,5 
./data/dataset/train/626.jpg 248,152,290,179,8 71,330,109,351,11 301,12,351,89,12 
./data/dataset/train/627.jpg 291,146,323,177,27 52,254,95,298,44 327,38,359,69,37 
./data/dataset/train/628.jpg 281,1,351,57,50 128,60,155,113,28 68,334,99,385,28 
./data/dataset/train/629.jpg 217,246,279,272,31 8,59,41,110,23 164,186,216,243,22 308,327,368,378,41 
./data/dataset/train/630.jpg 283,231,316,261,10 66,280,82,308,48 254,9,276,59,41 
./data/dataset/train/631.jpg 81,107,105,138,20 181,172,233,229,29 13,28,44,102,34 266,272,310,308,8 
./data/dataset/train/632.jpg 311,97,374,144,11 217,217,261,249,27 48,27,84,54,23 
./data/dataset/train/633.jpg 83,241,147,280,26 364,291,402,308,25 184,61,223,80,45 276,140,338,189,3 
./data/dataset/train/634.jpg 67,77,88,107,39 112,169,155,213,31 282,122,326,161,0 
./data/dataset/train/635.jpg 86,110,141,166,51 15,3,45,34,36 357,262,411,338,37 197,192,250,248,39 
./data/dataset/train/636.jpg 246,287,284,309,26 122,11,182,62,35 336,68,372,96,37 307,230,326,259,34 
./data/dataset/train/637.jpg 65,363,79,390,17 160,83,193,113,16 262,23,326,54,44 110,156,132,186,7 
./data/dataset/train/638.jpg 270,398,308,414,27 333,129,403,192,16 182,16,247,49,11 
./data/dataset/train/639.jpg 252,6,280,57,39 3,303,60,357,31 283,94,346,140,47 
./data/dataset/train/640.jpg 12,141,80,182,30 342,67,412,127,30 161,249,205,287,40 90,350,111,380,38 279,5,300,35,46 
./data/dataset/train/641.jpg 358,278,381,309,12 108,114,170,140,9 212,31,250,51,10 
./data/dataset/train/642.jpg 66,34,97,65,22 221,175,245,206,17 171,235,201,266,9 254,3,294,23,30 
./data/dataset/train/643.jpg 381,267,414,297,39 329,185,366,241,15 59,89,125,159,16 
./data/dataset/train/644.jpg 344,192,377,267,21 182,326,246,370,1 64,92,122,146,29 
./data/dataset/train/645.jpg 176,141,245,184,4 116,320,155,377,33 308,73,343,129,13 262,222,300,245,18 
./data/dataset/train/646.jpg 88,181,116,234,42 225,91,288,136,33 341,24,381,72,28 
./data/dataset/train/647.jpg 238,166,276,184,14 71,16,141,69,28 334,209,385,266,30 22,108,66,150,43 
./data/dataset/train/648.jpg 35,186,75,234,51 114,291,147,342,28 152,132,215,163,46 257,358,301,392,40 
./data/dataset/train/649.jpg 138,242,167,273,36 317,292,354,309,21 360,320,395,349,22 
./data/dataset/train/650.jpg 21,91,56,120,24 202,265,245,308,39 288,342,358,395,26 
./data/dataset/train/651.jpg 309,256,379,318,6 84,172,105,222,35 114,351,156,396,30 
./data/dataset/train/652.jpg 72,332,95,363,21 208,71,269,145,50 15,364,31,392,37 358,188,395,212,46 
./data/dataset/train/653.jpg 13,43,82,109,50 361,158,397,208,6 272,348,342,407,19 
./data/dataset/train/654.jpg 366,169,410,200,21 83,202,123,223,12 310,130,338,161,38 229,20,273,97,7 132,272,163,323,26 
./data/dataset/train/655.jpg 130,68,185,144,43 62,294,84,324,25 193,378,231,395,34 291,1,313,51,36 
./data/dataset/train/656.jpg 86,19,129,62,37 305,229,367,303,3 
./data/dataset/train/657.jpg 298,299,342,338,17 206,49,276,97,4 358,212,399,289,8 
./data/dataset/train/658.jpg 203,188,246,219,46 128,261,189,335,34 54,39,117,69,34 351,370,372,400,46 
./data/dataset/train/659.jpg 279,270,314,320,35 50,322,87,349,48 205,209,260,264,40 160,18,189,72,31 
./data/dataset/train/660.jpg 230,224,267,249,50 149,309,186,336,21 336,40,364,93,13 72,175,107,204,12 
./data/dataset/train/661.jpg 98,151,142,192,36 154,52,224,104,2 
./data/dataset/train/662.jpg 248,308,309,382,33 219,228,231,254,40 48,158,114,227,11 156,259,168,285,27 
./data/dataset/train/663.jpg 184,88,228,165,7 300,258,365,329,21 139,0,179,21,1 
./data/dataset/train/664.jpg 340,36,382,113,50 93,313,122,344,47 239,150,303,190,25 127,346,171,378,6 
./data/dataset/train/665.jpg 2,268,31,319,32 345,56,380,85,24 38,122,90,199,14 97,343,167,405,25 
./data/dataset/train/666.jpg 332,37,355,87,49 240,141,277,190,41 136,118,175,137,2 
./data/dataset/train/667.jpg 150,326,179,377,1 116,28,129,55,10 26,202,68,227,50 267,243,331,285,27 201,107,239,163,12 
./data/dataset/train/668.jpg 241,278,272,309,10 307,76,371,110,50 166,215,197,266,45 
./data/dataset/train/669.jpg 50,41,93,84,16 332,215,401,279,19 
./data/dataset/train/670.jpg 263,332,331,373,29 373,288,390,317,20 171,128,216,185,36 
./data/dataset/train/671.jpg 136,323,206,376,49 331,186,395,227,47 40,44,98,98,38 227,132,264,181,28 
./data/dataset/train/672.jpg 78,179,109,230,1 213,330,273,405,14 355,31,411,86,42 
./data/dataset/train/673.jpg 156,352,191,380,10 208,91,271,122,50 339,232,377,281,0 29,141,84,196,39 
./data/dataset/train/674.jpg 178,201,219,248,42 310,24,380,82,7 
./data/dataset/train/675.jpg 251,142,300,199,23 331,353,393,379,48 166,221,194,272,9 94,72,153,125,1 
./data/dataset/train/676.jpg 132,168,199,236,0 38,63,105,131,30 
./data/dataset/train/677.jpg 327,72,387,124,10 87,235,130,266,2 267,350,313,407,3 191,1,219,32,23 
./data/dataset/train/678.jpg 127,324,151,374,26 91,100,123,174,16 227,237,292,308,26 
./data/dataset/train/679.jpg 295,284,364,329,8 155,251,178,282,25 47,32,91,66,18 
./data/dataset/train/680.jpg 29,25,53,56,37 185,256,220,285,36 227,152,264,177,35 89,312,120,363,48 341,107,359,136,33 
./data/dataset/train/681.jpg 156,266,219,295,41 336,19,361,71,14 381,176,406,207,49 29,107,66,163,0 
./data/dataset/train/682.jpg 227,150,278,227,47 184,98,205,148,31 93,341,124,415,17 
./data/dataset/train/683.jpg 60,206,98,224,15 364,238,392,269,18 136,141,206,196,17 
./data/dataset/train/684.jpg 4,200,67,246,34 228,138,247,167,9 132,282,167,310,42 95,60,128,90,30 252,91,276,122,51 
./data/dataset/train/685.jpg 54,261,112,336,50 147,66,210,96,25 269,158,311,204,43 
./data/dataset/train/686.jpg 97,227,133,254,47 273,110,323,167,22 178,42,221,87,15 350,308,380,359,5 
./data/dataset/train/687.jpg 300,155,369,200,35 24,337,83,389,14 221,93,246,145,44 
./data/dataset/train/688.jpg 98,67,137,143,47 236,309,297,383,20 
./data/dataset/train/689.jpg 81,334,144,379,4 217,220,246,251,45 365,89,398,144,21 
./data/dataset/train/690.jpg 196,59,260,100,38 275,109,318,138,3 46,217,79,292,33 
./data/dataset/train/691.jpg 172,187,207,243,48 112,153,148,181,31 77,287,96,317,6 300,38,317,67,33 
./data/dataset/train/692.jpg 182,338,207,389,5 19,72,56,121,51 365,237,382,266,24 
./data/dataset/train/693.jpg 370,256,397,287,15 23,359,87,395,26 167,150,192,201,34 
./data/dataset/train/694.jpg 126,313,190,385,1 378,184,414,260,31 261,6,305,41,12 
./data/dataset/train/695.jpg 295,181,352,235,41 62,334,123,384,15 26,89,56,143,20 
./data/dataset/train/696.jpg 46,45,83,62,37 292,69,332,89,27 
./data/dataset/train/697.jpg 145,255,188,300,25 334,139,397,169,43 90,301,117,332,39 197,2,259,29,14 30,68,66,95,51 
./data/dataset/train/698.jpg 77,203,115,223,38 271,233,309,251,37 167,264,204,320,31 351,27,415,71,48 
./data/dataset/train/699.jpg 83,345,138,401,5 321,92,365,128,46 186,256,250,299,4 256,15,291,44,42 
./data/dataset/train/700.jpg 122,314,155,365,15 58,71,116,125,10 352,144,368,172,43 15,248,55,268,47 
./data/dataset/train/701.jpg 85,290,124,347,37 203,191,251,248,30 136,66,176,123,9 386,134,414,165,42 
./data/dataset/train/702.jpg 24,316,89,387,43 208,25,277,91,9 133,139,203,202,17 
./data/dataset/train/703.jpg 331,16,350,45,47 241,233,279,254,51 37,258,97,333,37 
./data/dataset/train/704.jpg 200,315,270,370,39 294,90,344,147,50 80,166,119,185,40 
./data/dataset/train/705.jpg 17,96,57,116,39 184,20,247,66,44 313,230,344,284,23 
./data/dataset/train/706.jpg 67,294,133,364,7 219,121,268,178,46 293,230,328,259,35 395,368,406,393,4 
./data/dataset/train/707.jpg 87,93,104,122,46 258,8,313,64,4 184,133,211,164,35 376,256,410,306,43 
./data/dataset/train/708.jpg 22,46,56,96,8 66,289,90,320,31 127,170,160,200,21 225,381,244,411,22 
./data/dataset/train/709.jpg 198,64,235,80,8 6,149,75,213,25 243,14,261,43,26 81,284,121,332,40 287,240,325,256,49 
./data/dataset/train/710.jpg 338,259,357,288,48 33,150,71,173,50 161,353,231,401,43 
./data/dataset/train/711.jpg 334,311,404,374,14 296,11,329,62,25 247,265,288,287,44 6,191,47,214,21 
./data/dataset/train/712.jpg 67,221,111,254,45 126,152,170,191,12 196,290,230,320,22 
./data/dataset/train/713.jpg 209,283,273,317,4 334,378,377,408,47 179,182,190,208,23 
./data/dataset/train/714.jpg 246,369,284,393,27 311,130,374,176,49 2,43,38,93,37 
./data/dataset/train/715.jpg 301,0,335,30,41 143,242,207,282,13 23,358,86,405,16 
./data/dataset/train/716.jpg 50,232,93,289,1 128,329,172,406,11 209,171,237,202,13 
./data/dataset/train/717.jpg 308,266,352,308,7 71,13,138,49,11 
./data/dataset/train/718.jpg 282,101,341,154,16 87,192,122,248,28 55,299,81,330,13 379,373,391,399,34 
./data/dataset/train/719.jpg 175,307,244,370,26 331,274,366,303,34 
./data/dataset/train/720.jpg 248,94,310,120,43 34,348,101,385,19 315,184,347,215,50 
./data/dataset/train/721.jpg 106,152,150,186,27 40,284,58,313,11 238,118,273,146,36 334,33,374,109,22 
./data/dataset/train/722.jpg 115,173,132,202,2 288,219,339,296,14 217,105,268,162,24 
./data/dataset/train/723.jpg 188,7,252,46,13 259,118,301,164,36 54,96,92,116,1 361,283,390,314,47 
./data/dataset/train/724.jpg 187,37,202,65,28 334,162,372,182,21 79,344,117,360,38 268,278,330,326,39 
./data/dataset/train/725.jpg 278,130,346,172,17 111,78,174,105,30 390,28,412,58,37 192,201,256,240,42 
./data/dataset/train/726.jpg 20,142,58,162,29 231,17,301,70,39 95,302,126,353,51 343,104,386,133,9 181,212,193,238,16 
./data/dataset/train/727.jpg 281,259,318,275,31 251,123,279,174,23 
./data/dataset/train/728.jpg 57,305,81,355,26 235,9,285,66,13 169,360,211,405,24 
./data/dataset/train/729.jpg 86,287,108,337,35 22,175,49,228,48 327,61,355,112,33 
./data/dataset/train/730.jpg 58,229,83,279,30 332,284,366,314,2 109,318,172,363,27 233,146,292,199,21 
./data/dataset/train/731.jpg 348,266,412,306,39 102,182,165,255,49 226,60,294,128,38 
./data/dataset/train/732.jpg 60,169,101,216,45 264,221,300,249,27 328,136,347,165,21 117,59,161,116,15 210,20,245,49,31 
./data/dataset/train/733.jpg 278,9,322,51,8 59,262,113,318,38 385,144,415,175,40 184,207,253,253,10 
./data/dataset/train/734.jpg 28,156,59,187,9 358,215,393,244,36 93,90,139,147,50 273,20,315,77,3 
./data/dataset/train/735.jpg 150,207,190,227,3 200,108,249,185,43 335,24,399,58,12 
./data/dataset/train/736.jpg 246,289,264,318,12 280,128,314,158,16 142,341,194,398,41 
./data/dataset/train/737.jpg 298,136,361,181,3 116,355,153,381,48 155,308,173,337,35 
./data/dataset/train/738.jpg 171,340,212,397,2 48,221,78,275,43 262,82,326,116,4 
./data/dataset/train/739.jpg 230,266,300,318,35 33,171,70,195,22 106,22,141,78,24 186,218,220,248,35 
./data/dataset/train/740.jpg 72,178,133,252,49 303,44,357,120,42 138,9,201,38,5 
./data/dataset/train/741.jpg 38,104,50,130,16 309,334,363,410,46 226,190,288,238,41 
./data/dataset/train/742.jpg 93,254,110,283,11 228,159,262,234,17 125,302,163,358,48 
./data/dataset/train/743.jpg 137,372,200,402,34 68,65,101,95,16 313,178,378,249,5 
./data/dataset/train/744.jpg 149,331,205,386,40 98,96,141,139,3 294,259,338,297,4 222,179,260,200,39 
./data/dataset/train/745.jpg 285,174,319,204,39 332,280,354,330,40 239,368,267,399,17 
./data/dataset/train/746.jpg 4,199,44,220,31 211,285,243,336,8 342,167,358,195,37 104,227,145,273,3 
./data/dataset/train/747.jpg 247,103,311,175,8 86,23,130,100,49 203,220,231,271,26 131,298,180,355,20 
./data/dataset/train/748.jpg 153,81,180,112,28 93,180,118,232,28 207,273,244,300,35 
./data/dataset/train/749.jpg 356,235,383,288,37 323,202,352,233,39 171,78,235,113,25 80,2,120,59,23 
./data/dataset/train/750.jpg 49,284,74,336,20 347,368,414,406,38 130,223,161,254,27 177,137,218,160,45 
./data/dataset/train/751.jpg 24,314,56,345,24 119,75,183,147,3 362,42,397,71,10 258,192,319,242,18 
./data/dataset/train/752.jpg 212,33,269,109,27 7,362,38,393,32 104,261,133,292,41 
./data/dataset/train/753.jpg 137,263,179,308,40 209,124,251,169,34 291,310,346,365,0 
./data/dataset/train/754.jpg 5,228,69,266,37 156,6,204,63,17 83,146,120,172,29 
./data/dataset/train/755.jpg 86,21,156,70,16 38,365,62,396,38 
./data/dataset/train/756.jpg 75,140,139,173,38 253,324,297,360,28 5,249,33,280,22 
./data/dataset/train/757.jpg 228,320,257,351,4 77,127,113,177,34 326,246,370,287,32 258,65,321,98,6 
./data/dataset/train/758.jpg 130,385,166,413,0 359,141,407,218,28 39,47,71,121,19 
./data/dataset/train/759.jpg 190,87,234,120,33 344,357,376,388,37 297,236,323,288,12 12,398,49,415,49 
./data/dataset/train/760.jpg 288,306,330,331,35 103,0,145,45,36 146,249,203,304,28 392,53,414,103,23 
./data/dataset/train/761.jpg 124,99,150,130,28 76,19,120,55,47 334,252,398,296,30 237,157,281,196,6 303,330,331,381,2 
./data/dataset/train/762.jpg 219,130,275,185,37 82,226,150,268,45 51,16,64,42,6 
./data/dataset/train/763.jpg 341,74,387,131,31 17,228,54,244,30 286,263,317,294,31 
./data/dataset/train/764.jpg 377,192,415,248,51 132,264,173,321,38 257,356,300,398,3 29,15,49,45,38 
./data/dataset/train/765.jpg 44,273,109,344,38 174,116,212,192,10 4,214,40,264,25 317,31,351,81,28 
./data/dataset/train/766.jpg 107,283,141,313,7 197,157,267,219,49 
./data/dataset/train/767.jpg 108,302,169,352,33 56,253,93,279,24 208,281,245,298,14 397,363,412,391,24 
./data/dataset/train/768.jpg 316,103,360,138,25 125,35,159,65,24 189,309,252,382,12 375,166,413,190,6 
./data/dataset/train/769.jpg 222,117,249,170,29 373,36,415,82,25 264,323,299,373,15 
./data/dataset/train/770.jpg 199,267,263,301,18 310,9,380,65,40 
./data/dataset/train/771.jpg 133,317,157,348,0 346,151,386,199,24 
./data/dataset/train/772.jpg 343,327,370,358,23 279,374,316,390,17 196,6,237,29,28 244,131,270,162,20 59,163,128,207,17 
./data/dataset/train/773.jpg 124,216,162,236,31 84,272,114,303,30 11,345,70,398,42 231,67,265,97,6 
./data/dataset/train/774.jpg 357,202,392,258,35 189,139,232,196,9 80,73,110,127,15 
./data/dataset/train/775.jpg 237,32,274,59,43 0,307,37,357,16 79,74,123,110,1 
./data/dataset/train/776.jpg 213,236,283,289,19 148,321,185,371,27 368,84,414,161,1 
./data/dataset/train/777.jpg 235,70,258,101,17 15,355,31,383,1 115,153,175,205,3 332,250,370,326,15 
./data/dataset/train/778.jpg 345,350,373,401,20 374,74,412,95,19 103,277,161,331,11 
./data/dataset/train/779.jpg 389,308,408,338,12 177,167,225,224,23 344,26,370,57,3 
./data/dataset/train/780.jpg 183,222,250,260,27 270,314,310,362,37 
./data/dataset/train/781.jpg 206,7,249,64,25 264,304,300,354,46 364,182,402,202,43 100,119,137,143,29 140,220,184,253,30 
./data/dataset/train/782.jpg 310,217,331,247,8 265,268,301,295,18 145,3,181,79,10 
./data/dataset/train/783.jpg 341,293,379,342,35 250,182,293,259,10 10,97,41,148,34 
./data/dataset/train/784.jpg 238,335,300,361,34 311,250,367,305,32 60,14,81,44,41 160,200,230,249,31 
./data/dataset/train/785.jpg 164,61,227,108,1 265,283,276,308,9 122,216,148,247,24 
./data/dataset/train/786.jpg 203,206,239,234,16 52,47,95,124,18 345,371,409,406,0 
./data/dataset/train/787.jpg 33,102,66,153,42 222,173,292,236,16 87,26,138,83,2 
./data/dataset/train/788.jpg 170,335,208,357,28 67,249,130,281,15 261,375,298,401,28 343,52,407,96,41 
./data/dataset/train/789.jpg 179,199,201,229,28 90,358,118,389,37 351,230,388,286,29 280,94,339,147,39 
./data/dataset/train/790.jpg 11,256,50,274,39 145,46,167,76,45 52,341,85,396,49 
./data/dataset/train/791.jpg 198,80,237,128,47 102,196,140,216,31 7,281,55,338,5 
./data/dataset/train/792.jpg 291,140,318,171,43 64,20,131,89,47 362,383,400,400,10 
./data/dataset/train/793.jpg 310,354,371,404,14 237,68,258,98,49 58,255,99,278,30 
./data/dataset/train/794.jpg 99,171,139,192,49 27,194,61,269,23 223,63,245,113,21 
./data/dataset/train/795.jpg 117,85,175,160,2 65,188,103,204,12 222,355,272,412,1 306,14,347,38,23 
./data/dataset/train/796.jpg 345,272,359,299,34 92,194,152,245,9 202,106,263,156,51 
./data/dataset/train/797.jpg 162,387,200,409,38 251,344,281,375,37 58,322,96,343,9 207,82,245,99,38 127,246,150,277,23 
./data/dataset/train/798.jpg 270,28,335,99,1 65,337,129,370,13 15,205,59,236,3 
./data/dataset/train/799.jpg 316,65,352,121,26 22,156,66,191,27 108,3,129,33,36 96,314,107,339,48 
./data/dataset/train/800.jpg 261,117,303,174,9 91,267,152,341,25 
./data/dataset/train/801.jpg 231,66,286,121,22 173,233,211,251,29 69,162,101,193,34 
./data/dataset/train/802.jpg 323,109,357,139,48 175,27,238,74,51 251,300,277,331,46 99,361,167,403,51 361,190,415,246,48 
./data/dataset/train/803.jpg 21,287,48,338,34 74,189,108,219,31 314,49,356,95,16 
./data/dataset/train/804.jpg 237,117,265,148,41 371,197,394,228,26 128,68,191,114,17 
./data/dataset/train/805.jpg 365,63,377,89,15 118,138,131,165,47 292,313,344,390,11 
./data/dataset/train/806.jpg 289,250,326,299,20 45,322,103,376,51 190,47,260,99,1 
./data/dataset/train/807.jpg 237,365,261,396,33 356,70,392,97,13 6,212,43,229,25 
./data/dataset/train/808.jpg 177,58,239,132,24 337,311,401,355,32 276,370,309,400,3 112,226,130,255,49 
./data/dataset/train/809.jpg 295,268,318,299,29 336,128,378,185,19 243,348,291,405,26 145,8,184,57,13 
./data/dataset/train/810.jpg 315,21,353,44,21 3,306,37,381,28 270,47,303,98,31 53,170,76,221,19 
./data/dataset/train/811.jpg 221,120,268,197,30 88,77,132,108,0 
./data/dataset/train/812.jpg 362,142,406,176,10 182,285,224,330,45 229,340,267,364,10 
./data/dataset/train/813.jpg 88,327,158,375,37 278,125,330,202,25 
./data/dataset/train/814.jpg 82,364,146,406,44 303,214,363,265,2 233,120,250,149,50 
./data/dataset/train/815.jpg 87,99,126,118,43 203,179,246,256,14 352,319,395,396,30 
./data/dataset/train/816.jpg 330,145,393,190,45 79,239,98,269,8 193,284,256,313,34 120,14,152,88,18 
./data/dataset/train/817.jpg 93,159,141,236,15 282,50,319,75,4 
./data/dataset/train/818.jpg 285,290,318,345,0 221,214,249,245,51 3,78,61,153,34 150,258,212,285,25 
./data/dataset/train/819.jpg 91,166,139,223,1 361,313,399,332,17 23,41,61,65,31 
./data/dataset/train/820.jpg 348,192,376,223,35 212,279,244,333,20 146,40,189,84,45 
./data/dataset/train/821.jpg 97,260,141,302,25 321,156,384,189,2 231,350,257,402,16 
./data/dataset/train/822.jpg 317,143,364,200,41 202,279,251,356,2 41,53,108,122,16 
./data/dataset/train/823.jpg 342,269,363,319,0 40,43,74,73,18 365,220,409,261,47 107,81,170,126,25 
./data/dataset/train/824.jpg 357,96,400,124,1 90,137,150,188,43 10,215,51,238,38 214,245,258,286,47 
./data/dataset/train/825.jpg 147,386,184,402,38 273,271,313,319,15 45,150,84,207,47 199,330,261,358,16 394,219,411,248,21 
./data/dataset/train/826.jpg 109,308,138,359,19 22,74,60,93,32 255,127,301,184,22 
./data/dataset/train/827.jpg 116,42,158,68,40 173,300,186,327,45 239,193,309,253,26 101,363,112,389,34 
./data/dataset/train/828.jpg 27,168,57,199,14 288,315,332,352,1 183,14,233,91,6 82,121,150,161,4 
./data/dataset/train/829.jpg 82,298,145,371,44 195,168,233,217,24 345,235,387,292,11 
./data/dataset/train/830.jpg 169,187,185,215,24 208,310,252,352,10 49,233,79,264,46 2,99,40,122,7 
./data/dataset/train/831.jpg 334,77,377,106,24 52,334,91,391,16 127,242,148,272,30 
./data/dataset/train/832.jpg 214,80,258,118,46 359,239,395,267,28 46,10,90,44,46 138,155,181,199,27 
./data/dataset/train/833.jpg 193,203,257,238,45 127,58,165,74,51 272,291,301,322,48 11,77,46,106,20 
./data/dataset/train/834.jpg 3,145,44,222,0 185,94,214,125,4 153,371,177,402,14 
./data/dataset/train/835.jpg 210,359,244,409,39 277,15,340,61,13 128,281,171,309,44 
./data/dataset/train/836.jpg 247,346,289,371,20 333,222,374,244,29 76,141,129,218,17 
./data/dataset/train/837.jpg 186,348,206,378,7 43,216,56,243,39 315,276,341,307,42 88,113,125,139,30 346,64,364,93,3 
./data/dataset/train/838.jpg 140,49,161,99,42 201,354,239,378,49 381,259,403,309,6 185,143,199,170,46 
./data/dataset/train/839.jpg 241,84,303,110,41 41,319,85,359,39 98,216,145,273,25 177,43,215,63,46 
./data/dataset/train/840.jpg 79,355,100,385,2 204,268,230,299,43 348,205,379,256,31 3,20,55,77,10 115,143,178,189,43 
./data/dataset/train/841.jpg 228,103,298,160,33 91,361,160,407,44 2,281,63,331,36 341,61,384,91,34 
./data/dataset/train/842.jpg 266,313,308,338,23 25,156,68,233,24 
./data/dataset/train/843.jpg 258,239,289,270,37 315,292,367,369,10 57,178,127,227,46 373,94,410,150,47 
./data/dataset/train/844.jpg 110,150,148,206,38 327,117,364,143,3 372,332,408,408,50 246,283,284,302,10 
./data/dataset/train/845.jpg 255,372,291,399,46 348,116,413,149,17 107,211,157,268,15 47,269,87,345,18 184,95,223,113,5 
./data/dataset/train/846.jpg 143,281,196,337,49 43,4,87,46,0 346,133,383,150,19 
./data/dataset/train/847.jpg 211,108,253,153,6 15,41,85,91,15 268,199,282,226,12 303,248,340,265,51 172,357,210,374,51 
./data/dataset/train/848.jpg 257,256,280,287,20 173,194,215,239,38 23,31,86,60,28 93,94,128,144,24 
./data/dataset/train/849.jpg 88,46,127,94,20 190,140,234,177,3 133,102,158,133,23 318,297,347,328,4 
./data/dataset/train/850.jpg 59,235,92,286,11 99,125,124,176,3 161,108,198,124,0 
./data/dataset/train/851.jpg 186,318,239,374,16 118,256,158,277,45 290,148,358,216,39 
./data/dataset/train/852.jpg 246,27,300,104,37 29,228,96,264,9 
./data/dataset/train/853.jpg 315,80,383,120,17 114,265,142,318,21 192,184,260,250,30 38,26,68,57,37 
./data/dataset/train/854.jpg 289,0,359,53,46 154,279,200,336,20 236,136,288,193,36 
./data/dataset/train/855.jpg 62,300,106,342,10 143,345,206,378,13 306,274,344,295,0 
./data/dataset/train/856.jpg 303,279,367,314,31 45,143,114,206,30 279,245,299,275,44 
./data/dataset/train/857.jpg 177,155,230,232,20 286,58,337,135,46 115,360,153,377,39 37,278,107,335,39 
./data/dataset/train/858.jpg 72,122,142,183,6 311,250,345,325,45 350,350,382,381,10 252,51,272,81,21 
./data/dataset/train/859.jpg 152,240,215,272,22 3,102,44,149,25 345,49,375,100,17 
./data/dataset/train/860.jpg 348,131,412,174,8 1,34,35,89,30 261,215,330,279,18 128,315,192,387,22 
./data/dataset/train/861.jpg 253,178,311,253,2 22,322,73,399,27 
./data/dataset/train/862.jpg 335,228,387,285,11 165,77,205,98,15 206,117,236,168,44 34,300,102,367,36 
./data/dataset/train/863.jpg 4,37,73,80,38 247,156,310,185,48 100,214,111,240,35 
./data/dataset/train/864.jpg 245,24,315,75,10 199,310,219,340,23 344,185,407,217,43 
./data/dataset/train/865.jpg 42,21,104,95,51 130,142,194,214,42 304,319,327,369,31 
./data/dataset/train/866.jpg 239,21,274,71,37 304,107,342,128,28 140,129,183,174,2 350,273,413,346,47 
./data/dataset/train/867.jpg 257,121,324,157,21 189,234,250,285,47 123,312,186,344,35 
./data/dataset/train/868.jpg 227,232,297,292,10 179,193,217,215,39 75,14,138,44,30 315,103,340,155,49 
./data/dataset/train/869.jpg 67,163,88,213,28 266,232,307,255,30 204,100,242,117,3 324,277,359,306,22 
./data/dataset/train/870.jpg 303,150,363,224,51 149,60,213,132,8 
./data/dataset/train/871.jpg 128,56,193,127,32 395,201,411,229,27 230,260,279,337,22 314,363,327,389,3 
./data/dataset/train/872.jpg 337,284,398,334,26 234,184,271,209,7 15,0,82,38,5 103,231,147,271,38 
./data/dataset/train/873.jpg 139,333,163,364,29 275,101,300,153,37 48,169,105,224,34 212,55,249,82,22 
./data/dataset/train/874.jpg 188,25,258,74,40 336,269,370,344,16 80,239,94,266,37 
./data/dataset/train/875.jpg 181,159,199,188,41 98,278,164,313,51 12,77,31,106,25 283,330,346,362,10 
./data/dataset/train/876.jpg 276,9,313,25,0 171,79,238,116,14 122,189,163,266,21 
./data/dataset/train/877.jpg 253,350,280,381,12 111,186,178,254,2 35,132,73,154,39 305,11,341,87,24 
./data/dataset/train/878.jpg 221,357,280,410,37 3,316,47,354,9 311,25,365,101,45 
./data/dataset/train/879.jpg 12,108,77,179,17 359,218,403,251,16 96,20,140,61,21 
./data/dataset/train/880.jpg 22,68,75,124,39 166,187,191,239,6 306,6,355,63,46 234,244,267,274,48 
./data/dataset/train/881.jpg 28,163,85,217,44 236,70,286,127,17 
./data/dataset/train/882.jpg 242,98,296,154,13 173,8,231,84,7 88,318,99,344,44 357,223,395,242,36 
./data/dataset/train/883.jpg 297,193,335,216,41 235,227,270,277,21 46,58,90,99,44 
./data/dataset/train/884.jpg 85,201,129,232,30 188,86,250,135,2 322,141,354,172,6 356,19,370,46,26 
./data/dataset/train/885.jpg 221,250,285,289,13 184,106,218,156,32 71,60,97,91,45 
./data/dataset/train/886.jpg 268,251,314,308,46 231,144,245,171,1 323,57,391,97,32 9,108,36,139,50 
./data/dataset/train/887.jpg 1,194,65,236,4 259,348,295,376,20 313,74,345,125,21 
./data/dataset/train/888.jpg 296,280,346,337,50 49,145,119,199,2 178,86,199,116,8 
./data/dataset/train/889.jpg 81,259,146,292,41 202,377,226,408,41 373,128,410,144,17 
./data/dataset/train/890.jpg 67,33,111,69,43 149,135,190,158,41 361,305,405,340,10 
./data/dataset/train/891.jpg 325,107,393,149,27 161,192,191,223,25 260,333,298,352,38 
./data/dataset/train/892.jpg 302,239,347,296,43 117,81,151,111,3 44,360,81,376,45 261,180,286,231,7 
./data/dataset/train/893.jpg 273,154,317,193,47 150,212,167,241,16 214,385,230,413,50 24,53,49,84,19 322,295,361,352,48 
./data/dataset/train/894.jpg 80,162,149,227,30 222,84,252,135,42 353,270,370,299,9 306,344,343,400,17 
./data/dataset/train/895.jpg 331,97,400,142,50 50,319,94,353,48 211,245,255,278,34 
./data/dataset/train/896.jpg 81,64,139,140,49 288,324,320,355,0 212,161,280,229,18 
./data/dataset/train/897.jpg 264,174,297,225,9 10,92,40,143,34 97,359,161,395,46 
./data/dataset/train/898.jpg 167,222,231,253,21 288,60,304,88,36 235,309,260,361,18 329,129,359,160,33 
./data/dataset/train/899.jpg 104,22,115,48,42 162,344,183,394,12 384,72,402,101,6 269,154,337,222,18 17,249,42,299,29 
./data/dataset/train/900.jpg 160,75,214,152,27 303,225,324,255,20 90,314,133,345,1 
./data/dataset/train/901.jpg 299,53,330,84,33 215,94,247,125,31 372,143,383,169,3 153,325,196,369,30 
./data/dataset/train/902.jpg 7,255,61,311,24 254,333,285,364,5 193,90,237,131,1 132,203,166,233,23 370,385,405,414,33 
./data/dataset/train/903.jpg 219,183,283,218,49 60,119,123,166,38 180,351,217,367,3 349,59,387,83,3 
./data/dataset/train/904.jpg 38,306,71,336,32 355,5,368,31,29 232,190,259,243,43 118,343,186,410,28 84,72,116,123,4 
./data/dataset/train/905.jpg 69,29,108,48,37 356,173,394,222,48 114,356,127,383,51 198,275,242,314,19 
./data/dataset/train/906.jpg 53,172,123,234,21 266,18,312,95,30 360,113,404,154,34 
./data/dataset/train/907.jpg 271,77,324,133,34 85,197,106,227,6 358,312,402,350,3 126,234,176,311,9 
./data/dataset/train/908.jpg 245,333,287,410,48 127,226,187,301,11 
./data/dataset/train/909.jpg 335,328,403,368,12 259,245,299,265,20 184,132,225,178,22 103,33,143,53,8 
./data/dataset/train/910.jpg 326,46,351,98,20 364,371,386,401,31 76,133,117,156,10 206,328,269,357,29 
./data/dataset/train/911.jpg 138,232,180,289,15 240,171,279,228,13 65,304,103,360,20 14,28,38,78,31 
./data/dataset/train/912.jpg 270,342,285,370,43 0,127,69,192,11 342,18,404,91,10 
./data/dataset/train/913.jpg 177,81,239,107,1 351,190,382,241,43 284,121,313,152,3 35,243,103,310,4 
./data/dataset/train/914.jpg 321,292,391,339,37 104,170,129,201,49 221,84,291,144,31 
./data/dataset/train/915.jpg 109,307,125,335,40 247,247,285,269,29 309,16,353,56,23 170,109,239,173,24 
./data/dataset/train/916.jpg 294,68,349,123,32 25,172,95,219,2 352,284,389,309,22 
./data/dataset/train/917.jpg 115,260,153,280,38 57,316,70,343,31 277,168,310,219,12 
./data/dataset/train/918.jpg 266,381,287,411,34 99,28,143,67,9 164,82,200,110,14 321,127,383,201,1 
./data/dataset/train/919.jpg 24,139,76,196,32 291,94,329,114,15 205,32,253,89,41 339,270,409,331,34 
./data/dataset/train/920.jpg 119,363,182,394,48 30,192,50,222,19 297,52,351,129,36 192,325,228,352,35 
./data/dataset/train/921.jpg 152,211,196,248,43 9,102,71,130,23 240,165,264,196,22 
./data/dataset/train/922.jpg 125,351,189,393,47 40,238,84,272,42 344,132,389,189,42 257,69,280,100,21 
./data/dataset/train/923.jpg 24,10,63,58,47 250,62,287,78,12 296,238,340,280,14 
./data/dataset/train/924.jpg 56,222,120,256,10 353,328,394,351,9 299,54,322,105,24 163,357,199,407,31 
./data/dataset/train/925.jpg 195,123,246,180,25 156,236,192,264,24 12,286,69,341,44 
./data/dataset/train/926.jpg 60,339,124,383,28 240,95,291,152,18 172,291,196,322,38 
./data/dataset/train/927.jpg 366,271,404,290,44 61,164,104,208,3 187,62,220,137,34 
./data/dataset/train/928.jpg 82,49,135,105,21 296,241,359,286,17 254,365,295,389,34 160,120,188,173,17 
./data/dataset/train/929.jpg 13,50,78,121,23 226,230,263,286,38 310,363,373,390,28 165,139,222,215,49 
./data/dataset/train/930.jpg 132,100,194,126,35 283,134,305,164,15 202,247,257,323,51 
./data/dataset/train/931.jpg 186,301,220,351,21 0,36,39,55,48 331,372,373,397,17 94,204,164,257,25 
./data/dataset/train/932.jpg 171,250,208,275,15 308,54,350,99,34 226,132,264,155,49 39,6,61,36,26 115,277,159,319,21 
./data/dataset/train/933.jpg 340,91,381,148,43 276,250,292,278,39 176,295,209,325,19 
./data/dataset/train/934.jpg 204,181,248,217,27 354,280,392,329,39 168,119,195,150,46 
./data/dataset/train/935.jpg 242,331,278,359,2 167,155,209,180,36 297,39,335,62,29 13,75,46,130,51 
./data/dataset/train/936.jpg 159,304,175,332,6 262,194,299,211,31 58,66,81,97,40 187,140,212,191,32 
./data/dataset/train/937.jpg 291,287,339,364,5 42,159,104,208,39 216,70,254,88,39 
./data/dataset/train/938.jpg 152,15,194,72,35 335,169,378,213,22 35,378,73,402,3 
./data/dataset/train/939.jpg 134,38,199,109,43 78,315,119,362,4 275,204,304,235,43 
./data/dataset/train/940.jpg 133,18,148,46,29 342,243,390,300,14 171,125,235,164,29 
./data/dataset/train/941.jpg 77,176,88,202,10 93,94,133,115,18 235,339,275,387,37 346,222,403,298,28 143,131,207,164,50 
./data/dataset/train/942.jpg 283,365,319,392,42 47,129,117,179,28 239,285,254,313,29 180,59,221,105,48 
./data/dataset/train/943.jpg 147,335,184,351,40 280,182,350,230,28 387,105,410,155,51 
./data/dataset/train/944.jpg 104,32,142,48,44 7,78,45,97,36 178,247,242,282,30 284,114,324,190,47 
./data/dataset/train/945.jpg 69,212,138,275,4 368,62,412,119,38 252,2,319,38,39 
./data/dataset/train/946.jpg 331,190,355,221,17 7,125,49,171,3 179,33,231,90,21 
./data/dataset/train/947.jpg 118,187,187,230,1 242,262,284,319,42 
./data/dataset/train/948.jpg 246,278,316,341,9 81,207,124,236,3 335,158,357,188,25 
./data/dataset/train/949.jpg 5,156,21,184,30 34,248,92,302,44 325,196,395,246,22 153,20,212,73,26 
./data/dataset/train/950.jpg 183,174,223,250,21 286,64,318,95,51 64,97,86,127,31 116,262,151,291,10 
./data/dataset/train/951.jpg 52,131,96,163,3 188,200,214,231,39 285,301,354,366,21 
./data/dataset/train/952.jpg 274,132,307,183,48 112,248,152,324,17 317,203,356,222,31 163,48,233,101,0 
./data/dataset/train/953.jpg 310,135,335,185,36 108,16,171,45,29 338,265,376,282,21 257,330,307,387,26 
./data/dataset/train/954.jpg 59,184,124,216,13 219,217,243,268,27 
./data/dataset/train/955.jpg 94,94,147,150,48 330,205,375,282,48 
./data/dataset/train/956.jpg 139,70,182,101,40 263,261,327,297,3 34,138,77,181,2 198,231,236,252,24 
./data/dataset/train/957.jpg 280,21,344,58,42 163,222,207,258,23 4,354,62,408,36 
./data/dataset/train/958.jpg 162,169,226,209,34 1,345,41,366,14 279,111,309,142,32 
./data/dataset/train/959.jpg 246,180,316,237,14 371,46,392,96,33 
./data/dataset/train/960.jpg 147,6,216,50,8 96,285,121,337,51 228,81,293,152,42 
./data/dataset/train/961.jpg 368,387,406,404,27 73,232,115,259,11 262,89,300,112,51 
./data/dataset/train/962.jpg 15,100,49,175,2 172,300,213,377,11 237,192,306,237,13 340,16,408,84,36 
./data/dataset/train/963.jpg 277,164,332,220,45 4,319,48,361,18 56,249,93,265,34 193,83,237,116,12 
./data/dataset/train/964.jpg 372,18,407,93,24 165,308,202,333,43 103,232,127,283,28 242,341,286,383,4 
./data/dataset/train/965.jpg 2,206,20,235,31 269,334,310,358,0 232,248,246,275,20 346,153,365,182,13 
./data/dataset/train/966.jpg 130,345,200,407,14 79,88,121,145,29 253,236,290,261,42 
./data/dataset/train/967.jpg 127,24,162,53,33 259,170,311,227,34 46,246,110,283,38 335,137,372,162,4 
./data/dataset/train/968.jpg 78,305,141,378,47 17,41,30,68,47 181,380,219,398,37 289,133,359,195,39 
./data/dataset/train/969.jpg 43,85,76,136,7 116,15,147,46,37 336,244,398,270,50 
./data/dataset/train/970.jpg 200,175,222,225,17 318,369,346,400,43 53,3,79,55,23 351,58,390,115,5 
./data/dataset/train/971.jpg 376,191,414,209,7 180,314,222,371,17 106,90,130,121,37 
./data/dataset/train/972.jpg 232,287,278,344,31 302,132,347,189,5 
./data/dataset/train/973.jpg 253,199,291,222,14 178,299,216,321,40 297,262,340,290,39 
./data/dataset/train/974.jpg 56,9,88,40,11 201,266,262,340,22 382,359,398,387,5 147,202,189,227,25 
./data/dataset/train/975.jpg 223,154,285,180,31 366,105,410,147,15 
./data/dataset/train/976.jpg 39,195,76,251,11 112,301,146,351,13 15,150,30,178,37 291,86,361,133,6 
./data/dataset/train/977.jpg 28,354,85,408,47 273,37,286,64,30 318,228,340,258,44 224,73,249,104,35 
./data/dataset/train/978.jpg 43,26,78,55,20 117,359,145,410,16 273,136,343,196,6 
./data/dataset/train/979.jpg 280,201,345,233,37 31,31,87,86,19 350,358,395,415,41 
./data/dataset/train/980.jpg 41,236,76,292,15 153,87,216,134,22 365,334,392,385,12 102,40,145,82,25 
./data/dataset/train/981.jpg 202,131,270,198,26 122,260,188,330,19 
./data/dataset/train/982.jpg 23,238,66,315,46 300,132,321,182,30 326,350,386,402,19 
./data/dataset/train/983.jpg 42,106,82,126,12 199,214,213,241,43 257,260,292,289,47 
./data/dataset/train/984.jpg 40,21,99,74,49 270,243,331,294,2 139,144,180,166,30 
./data/dataset/train/985.jpg 208,78,221,104,12 363,243,392,297,38 26,45,69,72,44 246,361,308,387,19 
./data/dataset/train/986.jpg 139,229,186,306,13 39,341,92,397,6 285,96,323,119,12 350,136,404,192,37 
./data/dataset/train/987.jpg 33,119,71,139,31 363,232,398,260,49 281,14,341,66,29 81,319,122,365,18 
./data/dataset/train/988.jpg 113,269,151,287,47 262,340,325,369,16 190,203,254,233,31 16,10,53,66,39 
./data/dataset/train/989.jpg 198,146,253,202,40 385,286,402,315,32 112,24,124,50,31 133,101,177,142,39 
./data/dataset/train/990.jpg 323,85,371,162,51 173,3,190,32,3 249,230,293,268,51 
./data/dataset/train/991.jpg 125,113,186,164,9 272,327,316,360,10 51,0,94,29,26 384,225,415,256,49 
./data/dataset/train/992.jpg 327,353,365,375,13 192,125,262,179,48 129,231,176,308,35 
./data/dataset/train/993.jpg 313,203,372,255,46 66,335,118,412,27 4,165,36,196,46 189,110,259,157,30 
./data/dataset/train/994.jpg 348,257,386,280,31 124,122,165,169,15 229,321,289,396,38 180,52,215,102,4 
./data/dataset/train/995.jpg 289,249,348,301,16 131,379,165,409,3 238,198,266,229,43 
./data/dataset/train/996.jpg 345,225,366,255,34 233,114,277,149,0 385,10,410,62,34 288,205,327,224,41 
./data/dataset/train/997.jpg 27,246,65,264,16 96,94,159,140,50 
./data/dataset/train/998.jpg 121,324,159,348,21 232,0,262,54,50 31,215,86,271,33 360,127,402,152,41 
./data/dataset/train/999.jpg 355,280,367,306,32 296,103,332,131,32 207,330,265,384,24 87,142,131,184,28 
./data/dataset/train/1000.jpg 323,77,364,100,22 144,341,205,415,39 258,114,281,145,48 368,15,406,33,20 
./data/dataset/train/1001.jpg 219,91,283,122,18 27,205,56,236,0 100,146,143,174,49 
./data/dataset/train/1002.jpg 41,298,79,316,22 89,177,140,254,18 252,40,290,64,4 301,70,323,120,8 
./data/dataset/train/1003.jpg 242,188,305,220,25 13,28,75,76,13 336,123,405,186,49 188,228,212,259,25 
./data/dataset/train/1004.jpg 4,200,73,266,33 211,306,249,326,17 370,338,404,413,40 290,86,352,159,46 
./data/dataset/train/1005.jpg 281,75,347,110,34 117,251,186,296,18 75,27,113,50,18 
./data/dataset/train/1006.jpg 72,323,113,370,1 195,108,233,125,32 297,210,315,239,7 367,7,411,38,9 
./data/dataset/train/1007.jpg 385,16,406,46,51 332,154,370,177,11 263,265,325,314,48 37,342,70,393,40 106,190,170,225,20 
./data/dataset/train/1008.jpg 171,193,234,224,38 37,244,81,284,25 297,300,359,326,35 
./data/dataset/train/1009.jpg 41,343,82,365,48 110,305,176,339,33 304,86,327,117,7 194,220,264,283,7 348,157,387,205,37 
./data/dataset/train/1010.jpg 268,260,306,282,49 20,307,58,326,9 310,363,349,382,36 196,45,264,113,48 
./data/dataset/train/1011.jpg 53,329,123,378,12 125,71,187,120,20 398,34,409,60,23 311,280,352,327,31 
./data/dataset/train/1012.jpg 217,19,259,96,14 117,273,147,304,7 29,124,89,175,12 
./data/dataset/train/1013.jpg 35,291,70,366,31 151,167,169,196,38 356,64,384,115,35 
./data/dataset/train/1014.jpg 138,87,182,124,0 99,215,131,246,20 193,20,218,70,49 291,372,335,407,35 
./data/dataset/train/1015.jpg 198,270,218,300,34 244,94,305,145,5 53,27,88,77,51 
./data/dataset/train/1016.jpg 224,204,273,261,38 95,30,162,98,44 63,131,74,156,42 
./data/dataset/train/1017.jpg 177,16,241,47,31 259,266,329,323,1 60,224,97,250,45 
./data/dataset/train/1018.jpg 218,226,246,279,3 182,144,216,194,27 23,42,60,67,8 289,100,310,130,43 
./data/dataset/train/1019.jpg 11,159,59,236,30 224,308,288,347,48 
./data/dataset/train/1020.jpg 122,33,160,55,20 306,282,369,311,45 84,207,115,258,22 
./data/dataset/train/1021.jpg 162,234,203,291,45 347,332,410,363,12 213,9,278,42,7 7,188,18,213,33 79,368,122,397,10 
./data/dataset/train/1022.jpg 280,42,322,67,41 355,178,399,212,47 72,219,125,296,40 46,83,70,134,9 189,336,227,385,47 
./data/dataset/train/1023.jpg 106,288,148,334,18 293,176,341,233,27 4,67,45,144,40 186,339,220,414,20 
./data/dataset/train/1024.jpg 22,246,42,276,49 52,96,87,152,14 256,43,323,81,33 169,186,223,242,40 
./data/dataset/train/1025.jpg 212,139,279,177,46 309,334,321,360,38 45,261,67,291,48 73,182,117,215,5 
./data/dataset/train/1026.jpg 30,287,94,330,41 133,46,154,96,14 215,158,279,202,44 
./data/dataset/train/1027.jpg 283,4,340,59,37 386,184,406,214,35 55,368,76,398,20 349,231,377,262,28 
./data/dataset/train/1028.jpg 176,143,239,170,5 330,331,372,377,50 263,172,325,245,7 106,99,134,130,17 
./data/dataset/train/1029.jpg 179,258,222,289,2 271,230,308,257,8 80,362,142,388,19 345,109,408,155,34 
./data/dataset/train/1030.jpg 58,65,110,142,49 217,295,271,371,3 377,234,414,290,24 
./data/dataset/train/1031.jpg 45,117,70,167,49 
./data/dataset/train/1032.jpg 56,161,84,192,5 340,63,362,113,6 180,221,243,252,27 
./data/dataset/train/1033.jpg 350,253,412,281,10 174,18,185,43,37 50,72,117,141,2 255,192,325,252,17 
./data/dataset/train/1034.jpg 171,53,239,94,43 52,174,121,237,13 351,108,396,165,0 
./data/dataset/train/1035.jpg 374,59,401,112,31 27,231,78,308,38 323,333,373,390,51 119,16,163,55,16 
./data/dataset/train/1036.jpg 222,356,233,381,1 100,58,122,88,38 272,187,289,216,21 340,6,354,33,4 17,262,50,337,38 
./data/dataset/train/1037.jpg 271,21,314,65,12 105,281,156,338,40 56,342,93,369,8 349,152,384,202,29 
./data/dataset/train/1038.jpg 10,38,54,79,48 180,187,219,244,10 235,145,298,178,5 325,291,365,367,12 
./data/dataset/train/1039.jpg 95,296,133,318,19 135,198,178,226,47 372,88,398,140,18 78,337,90,363,24 
./data/dataset/train/1040.jpg 323,170,389,205,50 240,33,251,58,26 36,334,72,410,22 
./data/dataset/train/1041.jpg 48,265,87,313,12 334,189,377,232,16 15,333,45,384,7 
./data/dataset/train/1042.jpg 356,82,397,128,37 206,357,276,408,40 4,16,48,47,47 
./data/dataset/train/1043.jpg 224,252,286,301,31 169,346,200,377,20 14,43,46,94,33 366,143,383,172,49 
./data/dataset/train/1044.jpg 157,306,220,335,43 274,350,310,378,6 329,133,399,184,41 
./data/dataset/train/1045.jpg 5,6,69,47,29 273,351,290,380,37 155,84,192,140,41 
./data/dataset/train/1046.jpg 361,328,405,361,42 67,9,104,33,12 250,242,271,292,47 
./data/dataset/train/1047.jpg 56,338,86,369,29 308,205,378,266,35 240,45,282,71,46 
./data/dataset/train/1048.jpg 338,88,379,134,34 230,254,298,322,26 
./data/dataset/train/1049.jpg 315,319,357,396,0 176,82,200,113,21 66,190,107,237,42 
./data/dataset/train/1050.jpg 179,130,223,169,26 291,205,352,256,8 78,342,148,391,44 266,257,278,283,51 
./data/dataset/train/1051.jpg 170,278,208,354,46 30,97,100,150,14 356,27,378,77,0 
./data/dataset/train/1052.jpg 120,378,158,400,2 310,253,351,310,1 214,198,275,249,42 361,57,398,84,18 
./data/dataset/train/1053.jpg 215,178,246,252,35 267,16,305,92,43 111,99,153,176,32 
./data/dataset/train/1054.jpg 277,85,347,148,27 85,338,129,371,50 139,176,176,203,8 245,278,265,308,13 
./data/dataset/train/1055.jpg 354,227,391,252,20 279,282,298,312,48 162,141,181,171,38 
./data/dataset/train/1056.jpg 184,274,215,305,32 236,208,267,259,35 6,352,57,409,50 
./data/dataset/train/1057.jpg 254,194,295,240,44 53,393,91,413,5 108,332,171,378,8 
./data/dataset/train/1058.jpg 221,47,262,104,26 137,351,181,392,24 317,186,354,212,41 
./data/dataset/train/1059.jpg 113,127,137,178,10 197,355,209,381,6 0,194,70,254,48 
./data/dataset/train/1060.jpg 242,262,306,334,13 129,66,165,116,46 
./data/dataset/train/1061.jpg 56,310,124,351,13 343,264,380,290,31 194,95,236,122,36 
./data/dataset/train/1062.jpg 220,64,262,109,31 10,215,65,291,39 360,131,412,188,8 72,312,136,351,15 
./data/dataset/train/1063.jpg 100,7,120,37,19 184,143,237,199,37 292,338,336,375,3 
./data/dataset/train/1064.jpg 325,197,342,226,22 116,77,154,97,2 182,277,204,327,6 344,227,356,253,20 
./data/dataset/train/1065.jpg 158,74,201,116,35 31,254,101,314,5 266,319,283,348,11 
./data/dataset/train/1066.jpg 215,22,271,98,11 274,128,311,178,20 152,352,214,400,20 
./data/dataset/train/1067.jpg 342,15,369,66,23 74,290,110,340,27 313,375,324,400,38 253,176,264,202,28 
./data/dataset/train/1068.jpg 73,356,142,400,20 349,46,413,79,44 243,296,281,313,9 192,147,216,198,38 
./data/dataset/train/1069.jpg 335,214,372,239,9 94,81,152,157,46 
./data/dataset/train/1070.jpg 230,294,274,328,17 319,119,365,196,34 65,81,129,118,45 138,13,201,45,22 
./data/dataset/train/1071.jpg 73,157,108,207,3 318,211,386,278,25 246,45,292,102,5 
./data/dataset/train/1072.jpg 270,227,312,284,11 336,112,406,175,4 49,312,113,354,37 139,2,199,77,28 
./data/dataset/train/1073.jpg 138,28,162,59,45 330,260,394,303,25 252,106,312,158,32 
./data/dataset/train/1074.jpg 296,261,356,336,20 18,175,82,214,3 383,378,395,404,51 
./data/dataset/train/1075.jpg 213,222,238,274,40 302,352,345,397,11 347,145,409,193,15 255,28,289,83,1 
./data/dataset/train/1076.jpg 327,91,390,123,29 197,202,233,252,26 236,140,280,174,7 6,314,69,359,32 
./data/dataset/train/1077.jpg 135,310,178,339,22 7,23,57,80,10 67,260,129,286,51 210,371,248,391,50 
./data/dataset/train/1078.jpg 267,375,298,406,39 22,59,60,76,18 175,11,219,48,8 
./data/dataset/train/1079.jpg 25,8,86,59,41 269,118,335,187,49 150,332,213,378,16 357,234,400,276,25 
